231	4571	6579	7780	3932
227	8891	8290	3131	990
4698	8048	5121	625	4420
3676	7242	3243	4523	5202
6825	3673	2551	9058	6207
8827	9473	4843	9435	4596
3689	9030	2599	4472	3978
582	2564	2935	2540	6803
3498	2731	5962	6801	6342
6309	4705	3452	7228	3352
2475	3759	5158	2225	2487
3200	3460	4325	4439	4279
2379	3609	5917	5964	5722
7661	1926	7595	5842	3035
3312	4852	4458	5898	8088
131	6756	4874	4374	6508
7275	6810	9189	3201	7558
5536	5513	5298	6567	1285
2891	7349	9351	2950	6356
402	3486	7508	232	6092
2307	5327	7225	7749	1948
2476	9345	5746	2769	6054
4284	9302	571	2668	1210
4916	560	1725	5651	496
6610	6953	8636	7600	6838
4835	2438	2813	9098	8716
7008	6873	2096	6569	1456
7714	8089	568	982	5204
5103	2491	4050	4363	2755
2246	6750	746	9108	4926
3275	2614	8910	9908	6618
2460	8516	2592	4470	5080
7252	4860	5405	9680	1211
2660	4791	8169	4453	9054
5315	7155	6998	4326	4362
6244	885	4429	457	1099
4391	4783	8680	5541	8723
8899	2913	3049	3501	1395
2953	303	4920	6102	4115
7540	1791	3079	9662	8112
2521	7233	8149	8267	2084
8522	321	3799	1184	5606
4906	2808	7396	5463	3195
5989	4635	1551	9619	7354
1041	6843	964	585	1955
3025	1421	219	6534	140
3306	5091	7116	2076	9171
9791	3064	2748	688	2540
2705	1564	85	7273	9319
6392	679	7917	5247	9736
92	9517	1309	474	4458
5582	3504	9213	1304	109
1069	3431	880	8308	3266
3255	3983	9567	7971	1840
7982	4362	7204	1122	2106
1826	7303	8111	2565	2101
5255	6861	2865	1960	4999
1562	732	9373	8128	5532
8625	5466	1585	9432	7220
4067	7664	6110	5993	69
8616	5980	3933	323	48
9705	2265	1828	7238	4553
4707	8570	54	4550	9610
7451	5795	9300	1497	9444
2319	7336	1555	6555	3674
454	6198	6396	6635	4840
4208	2232	3596	4291	5688
10	5019	3228	2682	9850
5989	7399	7070	1443	1952
4872	324	9367	8462	2361
2277	6270	8060	7147	8134
4371	9946	8488	9661	4537
5203	4579	1471	5738	9992
260	55	2477	2807	602
6399	9245	652	9855	7386
2154	353	7180	9200	823
4262	8791	3825	5328	3257
4007	2817	4862	8045	8973
6831	4162	7327	4753	7058
6426	4364	5577	3876	632
511	5502	2103	8292	6430
4687	5757	3013	5985	8262
5406	4580	8101	5581	4166
5847	2896	1594	5161	8371
1084	9457	3363	50	4684
633	2044	7315	1771	2628
1599	2443	4810	47	5725
8386	728	852	5615	9400
3830	7284	4630	9221	3916
4209	5901	4749	7794	6878
7539	9206	8464	8204	9942
5500	1775	2330	495	6649
2845	4135	2056	9563	8610
347	8478	435	580	8972
4521	1989	5900	3776	6155
7460	7467	8376	1675	1762
6635	1070	3360	7844	4789
7778	871	1406	1749	7005
6883	7028	116	1556	3556
6428	4698	5505	6767	2397
142	6276	335	6561	5058
8565	6736	9900	8153	4049
2049	3099	595	2857	2429
9124	2069	9507	9097	1731
203	9668	5137	1555	235
110	4497	6821	9600	5425
1300	9888	3659	7401	754
742	314	6634	9139	4195
44	3750	3007	9809	8054
2802	9084	1373	7481	9764
5126	7381	7233	1141	3473
5849	6234	2253	7835	9691
7587	4639	9235	6805	4978
8304	2839	986	634	3227
479	6964	5695	9973	9670
1746	1126	9954	6198	8201
664	8233	3438	3346	8732
8007	263	2391	497	775
8946	1272	8225	5016	3000
7132	9612	3566	7044	9116
9807	7172	9034	1099	3676
3851	9928	7658	7743	9518
3106	164	1652	1062	6509
6928	803	386	2526	5021
1706	8487	6202	4700	5811
7049	2643	31	5958	974
7375	9077	5358	2619	6052
299	7242	7142	2603	8625
1386	6398	1215	761	9666
9718	1499	2470	299	3999
2089	5014	825	4698	9766
6764	8763	7916	9543	9140
4030	9679	1716	8306	1470
590	2697	8827	5171	1602
7681	8384	1940	377	1723
5178	3619	1167	61	4298
8748	7768	2256	9895	5788
9892	6644	4807	4280	8722
9676	3425	5002	2612	7634
1193	5455	5607	1780	4534
4278	3872	4366	2907	6536
969	430	3212	1046	4153
8645	2650	8649	2952	7433
5613	8074	2825	6313	847
6891	9843	8397	186	5273
2510	2393	5449	7072	7501
1371	7211	2297	7818	1768
4310	9056	1720	6953	4667
9001	3478	8460	2051	9693
3333	4527	7867	6812	7733
122	852	626	4926	2118
7855	5620	9928	8046	8977
4320	4011	8958	8367	7771
3608	5147	4493	7129	2648
4767	3664	5426	7967	4879
6354	3300	779	2076	7351
6304	368	225	6772	1618
6465	9625	7956	1150	1914
5507	1638	1587	334	2111
462	950	5826	3334	7800
9519	3222	9892	9261	6566
8344	2020	8887	4941	5276
6628	8672	9745	1575	6804
3741	9196	2143	5967	2376
2160	39	5645	6811	9230
9688	4670	4884	94	4262
1942	4230	5296	9092	5441
4079	5636	3286	8337	9563
5829	482	710	1327	6734
7486	9685	4893	8761	8311
1075	5419	5121	9593	1944
4938	363	6492	6921	3497
8961	2483	2657	423	7305
6275	1610	3992	7769	9690
3349	6870	1276	3518	5648
1137	806	9610	7898	1324
3384	8839	3236	8143	7475
5070	2821	9587	8214	491
2412	8314	9934	4537	9782
8692	312	705	8070	1661
2954	403	7733	5990	8697
5610	3183	4742	6158	8432
4470	5999	3086	904	5490
1497	3401	4130	9756	4100
9408	5896	9109	9452	3398
6100	5865	77	5006	5817
3590	5751	5224	5972	4467
2778	9796	7958	1710	7499
5095	308	2152	4973	5073
5620	98	7367	6689	1252
6981	4089	2987	1506	5203
1790	9945	1148	6446	7542
2674	7278	6290	6652	1330
3233	7565	2046	5675	5245
7896	402	3309	7166	1778
8247	2497	1673	9895	8962
7825	3486	7755	4091	1697
6487	6212	2701	4190	400
4891	1437	1651	9621	6183
5969	6918	7367	2658	6396
8994	387	6246	5845	4496
2219	4416	4636	273	4444
2452	1519	6235	2551	9074
2088	6052	2591	5620	5360
6957	9515	7277	2364	4075
4738	8641	7734	9412	5568
9057	7845	3042	9989	2888
7462	6017	7723	3819	160
1553	6406	6767	7393	2100
5916	7143	5666	5728	1380
1099	7817	8051	43	3347
8133	9070	4055	2062	2690
215	6809	7765	30	9768
7979	4941	505	897	7921
2700	8323	2996	3887	5242
9964	9580	6661	6433	1814
2915	1303	1780	1636	7028
2413	9957	4556	8600	8786
7497	8349	6423	9575	9796
6714	5090	953	7935	9610
4736	9288	3612	1826	9040
186	8181	7984	5923	1577
3673	4875	5797	426	9350
3115	2887	2949	1425	9023
6531	692	9316	2334	2866
5430	7631	2323	2736	5732
6852	5563	1692	1953	1550
4677	1424	3089	3985	535
7375	6780	4901	8703	7676
9986	2352	9785	292	1944
8425	1779	5932	2521	4093
2538	7759	8485	4603	5165
8469	8866	1785	2999	1398
9768	8999	9060	3715	3998
4716	5561	363	6	5538
6696	6546	6401	2197	8102
8921	376	1545	4022	6414
5479	6797	2081	273	2951
1265	5483	6268	4209	6358
1927	3210	2769	5321	8843
7512	3898	7229	4506	8834
925	9450	2271	934	2172
2655	7816	7255	5362	9498
2154	9598	938	4437	9593
3411	7842	881	9038	3616
8950	7464	7002	966	2850
9482	6800	4869	8841	1324
9665	4434	1073	8167	4785
1016	9075	3280	3297	8159
2365	6800	1665	3096	8186
7494	1641	2270	2212	2661
6209	5269	3587	9649	8138
4726	9304	1654	7039	1137
6043	4453	6788	112	2204
7801	209	3906	9070	3296
6190	4518	9829	5324	5130
8970	8689	4106	5156	6517
1293	9255	898	9158	2078
5891	8215	6959	2867	2421
2633	8221	6301	9776	8929
3080	2920	779	3427	3225
1060	8395	4334	3659	1242
229	8317	9993	1508	9445
2095	599	1018	7572	5046
8756	9548	7181	1410	5350
2124	9930	1850	825	4217
5141	1739	605	4900	3635
3806	5651	4783	7	1369
7507	9259	6600	4110	6678
6939	1633	5797	6482	4504
9084	4645	2200	5154	2001
8259	7982	3546	1191	8628
8908	4820	5290	293	3258
414	7627	7911	6858	2990
5570	8966	6170	8486	3621
7475	5348	1767	6729	3472
4798	1641	5244	8253	5358
9	1868	5098	6505	8890
6393	30	2782	784	6218
6159	6270	1919	5663	7395
9011	1062	5096	8507	7697
5337	5598	5749	3163	2624
1397	9802	9166	2614	4041
9540	905	4747	8995	1454
7788	1812	5289	1589	1731
5387	8108	7803	3896	8651
2179	8076	5217	4604	1059
6605	9126	4606	458	131
9061	4540	1938	3266	4338
1249	8257	5756	3279	928
2395	8048	1007	713	1362
3495	2503	4542	4847	2300
9844	6821	4609	7975	2775
835	2794	4973	3293	4571
8563	3207	8065	3286	6101
467	5170	7662	2241	6472
9109	4860	634	5176	3618
1871	8751	7029	6879	7541
7773	6880	5485	3754	3421
372	629	2825	8563	7498
3561	8007	2240	7728	4325
515	7989	6443	2133	1337
9881	8311	6976	2314	7854
2158	3861	5356	9159	8266
2870	2970	3910	332	4219
1181	1095	9370	7689	5365
1190	7897	5416	6014	6830
4764	1770	5547	6237	513
3343	1450	6608	2217	1880
5212	8440	7787	1685	8591
7937	5520	5745	1873	1698
5660	2352	7335	1638	3222
1492	5656	1596	2918	1973
1632	4313	6764	9764	5848
5254	338	4171	4505	2214
3144	5178	1547	4692	2168
1371	6657	6197	4735	6748
7111	5625	3653	7445	907
1280	2148	9169	5287	7953
4117	8475	3198	6793	6977
3501	9260	1689	3201	1652
4483	2865	1140	1277	4981
2259	812	4115	5161	4911
8106	413	9712	7347	7316
3106	5313	6162	2140	4988
2111	5352	324	2124	9181
795	2177	5603	8102	7106
9393	5609	1020	4464	1351
8837	9018	5838	7571	6291
3539	7866	3556	8423	2845
8221	6639	1515	4501	5260
8873	7208	7367	8127	5223
5052	6495	9333	4521	8341
104	7893	9643	5636	3985
8043	9726	6291	5013	600
5384	4954	309	5607	2806
9153	3162	2748	2405	8297
7535	227	5682	8691	5170
4213	2332	1244	8426	8658
3279	7867	7141	3708	9900
3811	8508	3065	5272	5519
3606	3692	9928	9395	235
1477	8213	5686	2888	2960
5088	7199	1482	3649	7312
4774	2174	1799	4408	3723
8312	9214	1079	14	723
1966	9203	4956	8085	9146
6036	8244	1485	6773	6822
1087	4940	3034	1000	2124
6281	423	1847	6760	5235
10000	1541	3505	6685	4034
7622	433	8056	5568	505
310	430	3969	872	6675
1245	7062	9946	9048	508
1610	6916	5808	1794	7387
349	2223	1070	1612	4326
8674	7197	5361	152	7783
7407	1410	5877	6388	2767
6010	1488	1012	5204	3897
3612	2626	8858	2002	600
607	2566	855	6825	3165
2981	5330	3709	4389	2510
8537	5513	4599	1208	6842
167	474	8221	6285	6341
7117	6849	6019	1756	6108
2393	7206	5216	3221	1520
5724	4011	3852	4898	1349
7788	6132	4660	6431	4505
1802	5277	8953	4307	6262
3728	5532	4571	6389	4148
4054	7993	1660	5120	5655
7900	7143	3711	1873	2886
2339	621	8376	2908	3688
455	2359	6639	6329	9387
8604	4211	850	7620	6210
4668	5746	4868	6905	327
4690	4822	5004	2953	6730
6303	8580	786	8224	1583
536	4038	9469	394	5834
9134	9980	8361	6560	7616
6624	9967	6815	1270	4805
7950	8592	9746	4964	2181
5913	8869	9343	6929	7706
1293	3695	2091	8002	8655
9453	4166	9490	1389	7006
7239	8669	2842	6041	7820
1988	4396	2968	1373	9431
1357	1513	3193	7119	2188
4395	4119	4916	4693	7766
8880	6943	8218	9427	9804
4351	2229	6500	8057	1636
2909	6475	742	1746	2155
3939	9252	5679	8694	4251
4205	1892	2375	5336	3766
4339	6535	3425	8506	478
8172	2176	58	9681	6967
5366	200	2661	3666	457
4480	1752	2989	3842	7002
2602	2986	6453	4918	9112
321	5120	5052	956	7302
8326	4523	3881	747	3772
6296	5355	8877	4871	4932
2496	9617	1399	3208	8940
4624	2759	8208	2842	3157
3930	3684	2038	9550	4397
4908	112	2686	3508	8935
4327	8645	5993	9183	7219
7040	1047	5364	6392	8718
235	3793	6896	2766	9550
7427	650	3281	3776	4055
4692	637	5982	3270	3344
9624	2363	2124	5878	3769
8021	7022	9981	6078	3508
5696	408	7708	4793	3054
4162	4407	6995	6768	8354
5818	449	4005	4799	5920
8118	1678	5347	7795	6068
5978	2259	2496	5603	947
5462	7326	6237	5066	3798
1334	5985	6149	5505	9902
3526	7171	1677	5353	221
6908	7329	2309	4781	2403
5092	6586	2367	4010	667
7962	3796	6943	9497	644
7005	9015	3801	1304	5044
886	437	4919	3997	1028
8261	3260	3754	4185	9505
2080	5471	1520	4614	4082
7262	8732	9237	2013	3928
2955	7688	8214	7505	9405
3079	9303	8516	5035	2426
9642	6537	9356	9239	5364
9989	8134	3148	1211	6847
1621	2974	3783	4386	5212
7083	3294	8742	227	5048
3411	447	5595	8430	5990
3241	48	9660	2086	5343
4395	6073	5140	8742	675
6892	5913	9358	4950	8114
3251	872	2573	102	4453
9475	3135	7420	7726	5762
5892	7256	8779	3728	2962
9323	7388	2966	2825	4957
617	4200	2118	3307	5138
3864	4606	3031	8216	2697
5322	1278	1261	8035	3787
7285	3350	883	7269	3140
1645	5363	3962	4399	8113
6202	387	2725	9353	5626
7142	7070	5297	8348	7847
3561	1321	3718	4405	7889
3240	354	7201	7461	3981
2690	1211	4141	215	1207
893	1541	4749	8001	3624
647	3852	7529	4879	431
3710	6177	4600	2365	111
7567	9331	9775	1410	3213
7975	6602	9875	5030	6869
9623	213	9866	5481	282
3689	7060	6463	1075	6124
6518	1780	9706	6058	5187
3529	3242	1773	1291	9344
9765	4297	349	8602	9415
2728	9566	2184	598	2881
6419	275	2254	5884	1032
2484	8720	8475	6702	8226
865	2799	4803	2275	1850
9281	6177	8394	7832	4297
3218	8842	4416	2100	4340
7991	9685	1394	2358	4298
5363	5821	3049	356	2136
2180	9614	8951	1049	4061
1745	6052	5790	8456	9966
4955	6527	7849	6245	9548
8237	8693	2377	5528	4675
7504	585	4511	8894	8658
4328	5859	7411	1764	6930
2590	841	2207	9322	929
5489	8776	5255	5415	3757
2379	1161	4773	5649	9812
7781	5011	5406	8861	5229
3443	2199	6122	4533	4476
7465	8902	2089	5114	7938
4005	1586	2819	9243	5643
9751	8372	7959	7744	7759
6593	1821	7775	2533	8523
9758	4765	665	9642	5329
3046	772	9449	7365	2771
2865	1973	9993	2163	749
4886	4140	7472	4634	6577
8238	3906	6009	2760	4919
5655	6918	1015	4966	4194
6814	8481	1678	6786	4891
8145	4509	9053	2869	3057
8188	8915	8790	6153	4720
7054	5594	417	1457	5132
2034	3818	5240	4931	950
1050	6274	3143	7750	6956
9147	1416	2242	7292	3919
2360	6020	7401	1692	1500
557	4128	1919	1157	5577
1849	6238	552	4640	8866
1005	7304	3175	5600	1576
6866	1423	783	5871	9474
4602	9339	9414	5853	4403
3557	9788	6930	5727	8088
6768	2	1328	7593	7128
4473	4138	9245	8207	7277
8962	2746	3641	5980	4927
9043	1068	3690	9391	5669
1084	7094	4341	1430	4244
9667	9249	3498	7381	7550
7374	9908	2007	826	1019
5875	1889	6350	6925	2849
1760	6486	260	8432	2817
6121	7973	1595	8036	3444
4415	763	1865	1890	7856
5404	7892	7391	3845	4665
4375	9588	4464	8558	760
9816	7800	6525	990	9824
8486	1409	2723	6495	8479
930	1851	9583	5711	4164
3237	8854	1710	9673	2459
3788	1022	7646	5160	2919
7622	5776	3226	7997	3802
801	4036	7240	5521	2657
5215	5962	643	3114	130
9645	8593	7588	3416	6727
7593	7625	518	357	4383
4594	6129	8600	7171	9957
6735	4096	5332	1372	3274
8311	5468	9566	9951	7353
8716	5040	822	3221	8542
8634	7678	8777	5679	8289
3724	1183	8588	5511	8753
4451	7962	6576	4685	4610
2761	3725	3424	7819	5668
7888	702	7530	9347	4761
2506	4145	174	1138	3125
7205	5100	8309	1680	2837
9615	8500	4198	8149	6568
7355	3394	7184	5734	2694
4601	9122	7738	4568	9566
2085	5574	9619	2321	4949
549	2547	3480	4253	5622
674	9589	3411	7865	5688
1253	6359	3345	974	3383
1885	8618	7490	7754	9106
2072	6426	9233	5401	4735
8885	5900	5980	6620	6794
8061	337	9947	5423	3305
2936	8663	694	5232	9827
6102	1084	2694	8727	7728
3486	5673	2623	6576	6242
675	8122	7226	7053	8308
3966	5550	6565	4969	734
9903	2100	8907	9387	1375
1182	7877	2988	9844	6368
2366	683	1485	9295	1679
4359	3872	5475	8740	3456
525	5640	5070	6265	8052
5546	2813	5673	7849	4248
9623	6098	5944	5542	8007
324	4367	9910	1989	1889
5513	5635	9392	6738	4702
5036	8441	5399	5488	383
3256	6794	784	9069	2689
920	6309	7072	1264	5672
8969	7019	3266	2201	1303
6846	9806	9405	9815	9444
8208	122	1092	6167	8189
6741	4012	9143	9808	6371
6342	4188	267	4542	6015
4271	1979	5888	4043	6386
9971	7379	428	5671	7629
8923	2786	7712	6539	8889
6785	7463	3492	5764	7840
1336	1147	9946	8576	1462
3365	8516	7586	6111	3185
2593	8473	7357	3177	8225
1386	4941	1340	1330	2632
9561	6786	5681	4933	4510
9617	7446	1301	1218	5329
5285	1779	8480	6068	7350
2047	6893	8918	4237	7516
3839	6854	3399	3107	7627
6866	1302	3476	290	1729
72	5638	3289	9877	6001
4925	4814	8195	5655	1968
9724	6690	1243	6412	9726
7796	5999	2849	1390	4303
7114	764	5843	930	119
9073	7103	7895	3270	753
5348	6330	2793	9977	7871
2183	2133	2182	2480	4606
1724	8773	8860	387	9420
7393	8537	5904	8761	7907
527	5734	1790	5422	2318
609	3834	7167	6553	7635
2299	5200	2478	8487	4391
2717	8890	2404	6567	2562
3251	9282	7510	257	858
454	3509	2822	1077	6582
524	6135	5251	1473	1218
7712	1705	4621	4876	4482
946	7120	8288	7053	9199
6999	5181	1432	5398	7496
4863	3230	4395	4329	9344
5157	6132	8945	1414	1471
3650	5197	4725	4075	2739
693	6216	7215	4123	858
9626	7193	3373	2405	9401
9140	2174	2672	1003	1131
148	9665	810	3215	8901
6571	8983	8258	6785	4174
8645	4640	5124	2155	4486
5978	2609	7233	7987	1111
4697	6148	4964	8026	8431
4467	3827	2559	9175	2424
9555	7467	3554	5152	9545
3510	4336	5800	4827	9702
2659	9091	3438	1526	3874
3833	5106	6154	7221	3504
7549	6313	4186	6957	5223
1394	148	3300	2063	4642
9113	6230	4113	5399	43
8069	2290	5685	2899	2269
6562	9303	2588	3668	1629
9680	534	4039	6563	5469
2890	3982	4913	6630	1324
1844	4339	97	5145	5219
15	9534	9271	7263	2550
1163	3362	7539	2792	7352
273	4411	8558	3186	4940
3965	5766	9828	279	2471
8467	8105	6266	9950	3528
1424	2027	6012	5147	8254
8465	507	8352	7183	3455
8867	3822	2205	302	4997
7460	2079	5280	3043	7661
7626	7938	8567	8645	202
1983	7182	2819	9288	8879
9454	2072	2001	8536	2909
4306	4094	3638	1199	1834
5810	5208	4888	1233	4340
9684	9399	257	9269	4139
2571	2210	5617	9899	3282
5052	4528	4016	105	2601
2857	8675	9035	1999	6595
9846	308	205	1120	1499
4290	8972	4613	5354	3889
5132	39	8657	5900	6434
1166	3978	3341	7126	445
7668	9572	9814	1674	7354
9382	7633	3641	9714	4258
3905	6511	4968	2584	5458
2605	6113	7238	30	6304
4384	9215	2803	8150	6746
2765	4614	19	6310	4718
3249	5904	3446	918	2317
6466	6033	8807	493	2100
6063	3815	2296	2007	6432
2481	8934	4459	4694	1992
3538	284	8407	6954	6979
1037	1472	3281	1756	8064
586	5023	2655	2734	6995
7510	3175	8586	7612	3075
7604	4042	5636	9349	8405
2725	3781	6373	1117	300
6149	7915	2460	2799	300
5386	1273	1711	8729	2249
3483	1376	6379	7247	3861
5507	1853	3253	965	4920
8044	7114	3563	3130	2161
4919	7090	4889	8280	2045
4112	801	8211	1653	1244
251	1892	1847	8514	3272
5126	7655	5789	2529	4696
9318	9191	1996	265	4919
2569	9437	8971	3733	237
7011	3602	7207	4972	780
4708	9914	7880	9110	7120
4556	3088	8055	4505	7717
4386	2575	7432	8343	6225
3899	4095	5033	155	8192
1848	7397	2407	4117	1048
6409	5462	5864	275	6434
5356	4167	9165	7432	6565
8304	27	5694	296	9732
8258	8482	6283	6371	3230
6244	6243	5756	7772	492
6024	2630	5351	5294	9581
8064	5771	4090	8476	7169
4889	2119	8809	6448	8565
3745	8098	1486	7165	2562
7541	2076	4943	8048	2400
2627	5998	8617	8572	7530
1306	8333	1207	9550	6527
5245	1226	6302	1265	854
2111	5507	227	6268	6693
8432	3296	2449	8887	5234
8411	5515	8278	2146	9133
5807	5359	2854	307	7702
3446	9990	9859	7974	3221
9501	6183	9746	9964	7641
294	8403	3164	2969	3833
2703	8658	1338	7758	521
3083	6664	3605	9436	5145
8191	6556	6036	569	624
5456	7303	7320	3368	1737
5859	230	5384	6483	779
1105	2646	5443	7274	4433
2305	1565	2006	8882	1959
3793	5251	4738	4918	9384
5757	7579	8062	8364	6742
8620	2709	9529	5520	7091
5255	3549	9308	7201	6854
7107	4131	4681	2011	903
3907	6284	4441	7842	548
9721	9380	1819	2857	5574
5048	8207	4028	3027	756
5080	2284	243	4852	2663
4573	9663	6184	4749	8392
3832	9924	8614	5615	3685
3310	8507	3396	7953	6825
3968	9502	1402	635	866
6003	4062	9348	1200	2380
7785	5787	5966	8087	3490
6691	4950	8462	4656	3179
1393	305	8634	9606	9667
3415	3837	1244	5304	7891
9906	3959	1381	7427	4771
4712	24	6030	8328	2227
2620	8986	243	3758	2588
1203	309	7284	1805	6517
5585	6463	1324	2874	5931
1388	4539	8428	3568	760
860	7934	6452	6438	4871
6044	7647	9927	3767	1900
4824	1309	6692	288	3496
4569	3365	1082	3966	2746
2905	7404	9780	9974	2467
8230	2517	7354	7005	1763
6268	2803	5355	6073	906
805	4513	3755	1118	8471
8229	5422	281	6328	1136
4056	8669	2226	8666	8591
6183	2599	3474	6882	6171
9828	3219	5535	7708	2014
7945	3873	7694	3353	2967
949	5487	9685	7769	6676
729	9579	161	8658	4916
7671	4786	5580	3233	2011
8511	5607	7336	6969	6040
2918	2374	1150	5725	9688
5265	5218	2773	1832	7042
9646	8409	5127	8372	9758
2179	1603	6799	6079	2794
2508	1598	736	6687	394
1681	3397	9157	1285	5629
5014	4775	1105	6339	3740
4140	3291	6082	9084	106
2561	1093	7439	3878	6887
357	5838	1715	4161	2411
6582	9667	7032	9193	8136
2248	5246	5612	80	5770
798	8367	5137	5600	1526
6859	8150	5302	7055	6346
8205	7679	4739	4684	9778
4586	1884	6374	6658	3558
2970	7256	8613	6902	1791
6029	8518	7613	7654	8933
3058	5029	7136	4083	2842
6156	7751	5476	8438	6703
9092	7168	5480	3817	397
3206	2301	9555	1814	618
6692	8135	1469	1118	9166
4000	969	6653	6251	9627
5422	1301	8899	3513	1853
5817	1723	2359	2263	936
7445	3141	5798	7180	2530
5518	8360	8571	5059	8582
3723	8075	7082	8357	7068
5314	3585	8201	2677	2008
1141	836	7138	497	5593
4383	6480	7996	8397	2428
6820	3080	122	1817	4549
6287	8618	6767	537	6435
6443	5665	8000	875	5201
7383	8942	1823	2730	6089
1324	405	7395	8117	4181
101	1406	6700	4065	670
4094	9282	7151	6486	6303
7643	6394	8142	8563	3357
5473	8372	3629	856	8724
4886	5360	7952	2072	2572
8993	810	2534	3796	4725
4075	4798	8332	3879	3407
1714	571	126	7271	167
6700	9220	5421	4316	221
4765	9905	5468	7542	6272
2636	6315	7839	9712	4166
3140	3797	270	1571	1986
7563	3847	9830	7907	4143
15	9614	5987	1595	503
7515	441	3031	6596	9492
8254	3204	411	4869	7814
8048	8144	9512	2559	280
7425	5133	1144	1499	2904
6156	6237	6401	1169	2491
1084	5984	4819	7905	8581
257	3051	2714	6878	3655
9225	5655	6248	4539	2332
115	2296	6551	5150	6757
9237	9737	9489	3174	4908
391	5912	9566	9264	401
1758	9514	6388	2537	1377
2991	1417	7693	6221	2235
3139	7454	2657	1768	6918
3327	5421	6613	843	7174
5065	9500	913	374	7247
2782	6292	4966	9629	1353
1976	62	1842	606	4564
6917	5776	7173	1932	7527
9227	7468	3796	134	1723
622	3976	5269	5692	4919
2159	3700	4132	1694	8039
139	3974	985	7527	4405
849	780	9253	2120	6962
3323	8058	3185	7425	9741
2130	7798	2062	7027	1607
8299	7190	2623	1159	4725
9033	7002	6579	3742	4722
4826	7509	4293	8652	3235
3560	8266	6401	7242	430
4032	4653	1668	817	207
7259	2112	7281	8468	2491
3317	8879	127	93	6236
3906	4224	6044	9835	7477
4033	5990	6727	6962	2752
4737	1049	6395	1946	4637
1177	7216	1588	8604	6475
3224	8691	1758	9406	4819
7315	9185	5304	5040	9294
4760	1893	8334	1812	9591
4173	987	1917	5980	8859
8924	3195	3191	6777	8579
3618	523	4931	4237	3155
6670	6978	6958	3607	8157
1402	8640	2006	1188	843
8889	7908	4637	6515	276
2813	4407	5626	5141	8217
6072	940	9457	2508	2535
9284	2583	1578	2934	1164
7856	8032	7893	7080	7310
8521	2824	9764	3662	1496
3478	2292	6926	7216	4837
9830	8213	7424	4440	5865
2196	8519	9316	7047	4557
7804	6279	7366	800	235
2486	5625	1921	3990	7414
4567	2363	3566	1884	9503
7715	2882	9060	4823	3970
1679	2689	4490	4796	8642
1538	3477	9287	6453	882
1707	4701	5533	4533	8283
6415	275	6936	2389	6398
8888	1857	3069	6668	8501
9327	8734	5762	965	1804
476	1987	8290	5556	1369
4657	7171	9897	5557	747
2434	1801	5040	9506	3100
5236	7839	7618	4577	5840
5091	1467	2469	1239	5766
8060	96	56	4607	1388
7742	8058	4938	6235	6693
722	8008	4525	9703	9388
8981	4060	8156	1831	252
107	434	6597	6137	5161
6829	7469	3906	4082	9041
9195	4506	4678	1279	7770
2986	64	9085	2505	3930
3065	6146	7101	2064	5808
8034	9781	2406	4700	4289
7606	3963	2603	6865	7577
1280	725	9211	3208	9024
1692	4728	2524	4110	2378
5698	2725	8485	3526	7699
3150	2304	3701	4383	3691
7056	7427	3036	9287	7562
4734	9142	7377	6756	6157
9776	9668	5904	5763	9630
5997	198	2408	451	2137
6892	7553	2323	8275	125
735	2688	6666	5396	131
3787	9140	6302	5677	3770
3512	9594	7958	5887	7995
4696	6019	831	8790	6190
3506	2211	6066	846	8113
3623	7204	83	6	4493
3156	4110	5601	5827	8768
1296	5457	3402	4664	8322
3190	8190	4935	2735	9875
7407	268	6854	8507	4193
5151	2161	8964	6914	5164
1318	5669	3603	8695	7133
8471	4072	9874	3147	2055
7632	5894	7287	6654	1720
7061	4699	2163	4955	9264
5862	2620	9327	4094	2317
2062	5134	5171	3979	2248
7979	3355	5562	9426	767
7764	8322	33	9472	9993
9007	5035	8556	8670	420
5226	5942	5656	1802	5420
6432	8894	7097	758	5580
2442	5005	8557	2577	5763
2542	9646	2402	7505	2324
2779	7271	9051	8336	6589
2836	8257	4942	4287	7299
3605	8045	7790	4146	5387
6088	761	8991	6367	6239
1872	8688	5552	970	7284
7244	6982	5399	6182	4149
8527	530	8132	9535	446
2346	9154	1621	5787	2698
2071	3480	8826	820	4969
7381	6572	4057	9631	3401
8521	927	3176	5541	197
6226	4803	8571	3081	6770
3433	1130	3197	911	3099
8095	9192	7802	7459	303
7927	4919	8780	8984	7649
5609	5412	4500	2177	598
3862	8521	1658	7215	7604
6613	8300	9930	7449	5206
5218	638	5039	2077	7437
4938	6211	6087	5344	1158
8374	9732	5968	1533	1803
6156	3663	8324	9590	137
906	5681	5026	419	9242
8921	9737	5773	7882	7702
6137	6554	9611	8608	6451
7159	2619	2272	1513	6228
849	8943	7046	3624	6875
4934	6589	4823	3351	2506
5284	6524	7593	5574	9519
4660	9985	7492	9884	4078
3604	3004	6063	8048	8998
2717	8066	4318	2588	4126
1117	6629	8384	7888	5740
1960	4140	5745	7254	8713
9590	5588	3000	1547	2924
6457	7377	9637	983	1256
1109	2824	6939	1737	610
1355	1163	9064	7950	9410
927	5561	3767	2000	8971
8924	7751	4557	7578	6076
8974	2318	2367	4265	1099
1064	1311	708	1039	394
1853	4958	8073	3221	6763
1960	2508	1922	8295	4330
5685	82	7140	1664	9388
7833	1550	2076	9389	9326
2301	4874	355	802	4896
9224	2440	6148	1889	6757
6697	4860	8722	667	6058
4197	1144	4888	6128	1885
6380	563	2345	2419	4461
8133	8686	8348	8142	6139
4605	7029	5002	7694	3433
1746	8033	2467	2021	6170
4315	8761	2595	7599	4517
4217	1361	3993	1118	4804
9747	7351	1462	3077	1266
7068	8656	9002	7876	2255
454	7355	448	6	8503
222	5785	826	421	1770
957	3795	4892	6301	4508
3148	1994	496	5491	4138
7117	3895	5471	596	7619
5153	8381	6688	101	9949
4448	7662	153	5226	9375
4833	6839	8669	5717	8444
5279	6515	6969	8989	36
868	1757	688	5511	6149
9310	641	2353	9877	2137
2736	8514	6842	8271	2024
7514	6449	9085	9070	8340
9863	5426	1914	8429	4896
274	4983	9956	8093	9742
4340	1193	3496	4011	7169
6070	8047	9701	2509	3343
1826	8431	9227	9207	3154
199	6916	164	9449	2523
4488	9649	2224	506	8758
3020	3377	8979	7842	9992
6425	6581	4736	6433	6054
8938	8900	9672	5895	5789
5624	4468	5465	1871	6748
7588	1815	7758	9466	3845
2267	3005	6262	8546	8831
9509	5995	7659	4561	3520
8832	4002	1164	7932	4063
3632	5505	6051	9200	5746
9392	1695	3793	3910	8379
1088	1121	2434	6414	7693
5046	4757	2482	6771	9834
1600	3641	6255	3590	3211
6324	1528	6297	3293	3910
9710	2065	5415	2766	7137
2047	8609	6209	3058	2095
892	2148	8298	1984	770
3300	1311	1957	163	583
2798	3609	426	9734	5185
2831	9643	7773	4494	2037
9986	1530	3884	7497	8035
8163	1052	9913	3947	1483
1862	3784	3488	7181	3404
232	2413	845	9980	6702
9810	2067	1080	2618	7726
1252	4594	2894	8840	4338
2982	6368	3332	5213	435
5896	9814	3923	8019	2604
8213	3579	6651	152	6398
2823	5668	5856	1521	822
9247	5289	9226	6247	810
7185	1061	1096	1662	4470
1189	2190	834	5180	8339
6592	2430	8853	8135	5898
3940	2842	8125	1780	8032
473	5968	1931	8235	7232
8277	503	3537	5621	9675
2665	3416	7230	5528	1935
236	2719	7821	5394	8826
150	5000	7007	9672	3750
9611	9333	238	3030	2210
9818	2636	6562	9116	5861
5791	9061	4406	4828	7006
161	589	255	6999	3073
9299	6416	4120	5920	9998
9632	9062	820	6009	5702
2895	9650	1364	5504	729
6524	134	1929	9275	1827
4452	9469	7855	9600	7674
4119	918	8464	8568	3768
1805	6499	4434	2729	5513
5383	9056	8284	1505	3694
6496	7565	1566	7697	990
7276	3993	8855	1952	9975
6223	5649	906	2035	6814
6378	9882	3072	1781	4842
6881	6997	3901	1836	3150
188	5202	9427	3377	7780
4346	6011	7985	8086	4830
1895	4492	7241	1417	1217
6820	3345	4739	3477	190
7393	2015	9297	4031	1972
3569	4919	8835	4869	954
2791	3085	2716	8095	1739
7826	1135	6767	2985	4062
8488	6098	4782	6550	2302
2231	2633	5614	7014	1442
1073	2296	4384	7877	3387
4214	8512	4556	7022	1262
9520	8140	398	5406	1422
9662	3996	4196	9333	8737
9737	5168	1002	4411	4955
8947	9905	300	7647	6240
8871	4025	2340	5888	1532
7328	3025	6490	6613	8800
9302	5252	6951	711	2257
7232	9173	7810	248	2626
8965	6385	9465	6967	4280
8542	6560	495	9662	8839
3872	7254	8555	6134	1166
8643	94	1558	1761	7794
7034	5153	6215	2369	4529
4597	1683	8083	1768	1614
5943	8902	2159	4009	4812
7664	7633	1246	4357	3254
4672	7690	9276	6413	1960
8996	4167	2963	6008	2667
6884	7579	8677	3826	871
1523	7673	7161	5364	3030
2250	8657	383	4896	685
6179	8794	5964	9723	3135
2204	8400	4956	4704	8101
7429	9571	4286	6537	1077
4615	3600	3589	5568	359
2686	2296	9220	3819	7645
5850	4876	5798	1903	8154
9523	1954	1949	1741	5888
186	6127	1861	1160	1841
3303	1534	6317	8833	4900
1908	9070	4806	6833	2374
4955	7268	1079	6375	6036
3362	4614	7339	7061	7968
4201	3568	8773	7475	953
2942	9378	8385	9925	8644
2522	7911	6247	8057	1024
8508	6657	1256	8601	3813
1043	5821	6775	5324	8235
8955	2996	4252	3799	7659
3117	9023	2573	674	775
8457	7847	7565	708	5100
1543	4641	433	7700	5481
3139	4996	3002	5015	7560
5607	1917	3079	9108	4776
6688	2883	7718	5555	6344
7558	1855	6767	2952	6749
4183	6163	3605	4103	5434
8053	5117	7544	1984	1560
7859	3495	3353	2425	204
5981	1871	5058	9643	9758
2151	5120	8384	462	1768
2773	7445	4151	3692	5297
7139	310	5583	302	4660
5170	1695	1312	2718	2849
4859	8879	881	99	6037
5622	2085	1550	5665	5137
8104	3909	9065	6554	4882
7498	2324	7514	7992	1816
4242	9879	2194	8891	9224
7059	5079	1035	3909	5526
1346	2276	5365	2024	329
6014	1778	8764	6069	877
4111	5415	390	538	6650
5422	8225	7257	3205	997
6642	8567	7035	5221	7833
5681	2136	2384	8104	1694
3776	7437	319	200	2940
973	667	5647	9147	5676
3772	2611	3726	5421	8384
5969	7456	7880	7650	5204
2060	2161	8082	5489	4838
9505	7601	5495	880	6756
5075	2534	8802	2918	3778
1592	6082	2104	2893	4925
4855	8989	8879	7319	4102
1013	6355	9392	6342	3951
6243	7689	7583	5626	3092
7372	3980	2810	5739	5999
5702	2829	3881	1752	7633
6598	1502	6332	8780	1765
2018	1397	3135	1151	9831
8670	7031	2815	5983	7727
5135	3794	7123	2102	3517
1322	7013	3064	371	2799
2482	2123	7051	2196	4274
4799	9028	9050	1254	4710
3905	9977	341	8344	8031
4198	5907	337	5988	6009
5813	7847	7030	1727	136
6718	6394	6524	1844	784
7578	7975	6423	3342	2808
5913	8845	5537	9399	3941
826	9242	159	673	7694
6324	5077	1553	3242	736
708	5099	5540	2088	7805
6990	2002	1398	1109	7878
5949	1792	261	9547	7549
8838	5097	5484	9919	212
1620	3089	2467	7927	7346
6886	1159	2819	2453	5003
8310	6999	380	3113	3953
8999	4371	9993	6739	6577
4400	5358	459	7265	1872
3779	9175	9487	9836	618
7316	6748	6566	9077	2887
4635	5065	2625	4260	86
309	9288	2136	1831	4973
9837	7173	6726	9309	6294
4995	5521	8989	8984	9873
2386	221	2296	2803	2410
9439	5562	4913	8063	9341
2823	2337	7218	2154	3667
9484	3018	1570	6506	1301
2496	5721	8493	3296	8621
5126	5944	2863	9662	7149
1923	5768	8578	372	3237
9374	392	828	8910	3383
1506	1955	3190	4495	9005
4193	4642	1164	3056	6148
6028	3240	6337	5159	5464
9794	4323	1004	7969	1405
6269	2886	3616	2220	3804
2724	7530	2283	2647	8077
6684	2520	8346	7729	876
8713	3679	1698	5433	980
8319	4350	1137	4425	2074
4718	4719	3236	3504	6956
7060	6745	5430	2771	4510
5108	9895	5396	6002	1480
3483	3696	2316	8707	5516
5856	1776	6287	7413	3002
6472	4809	3063	1036	7432
2647	9166	1997	1511	1209
3870	9804	8213	6305	1706
5597	2732	1880	2960	6581
582	2293	2757	9288	1448
1977	363	9127	5436	6873
8270	3647	4038	6873	2020
7393	9755	2066	7643	3692
8877	4120	6176	294	8395
2934	7636	9752	5536	6163
4652	2251	1132	4339	3769
6580	4021	7974	265	8556
2247	9279	4334	9833	3841
8710	9948	6769	2791	1819
1613	7109	9361	5646	4853
3637	5276	4396	9582	5447
1769	5760	2416	399	2763
1286	9690	6276	7927	3537
6033	285	5202	4424	3498
9718	5636	1849	2539	1326
5386	1993	7629	5486	2422
4884	275	2467	6370	9641
1545	3474	1361	413	4035
4433	1628	6422	2422	2790
5416	5574	1870	9705	7710
4205	2363	3647	6390	6001
3762	2895	5024	3320	2005
6579	2306	1114	7846	431
256	7943	7128	4904	9777
3083	5678	4904	4029	3487
865	5168	6196	1790	3251
2879	7499	4669	7914	328
2136	4125	641	6959	1648
9526	627	6736	6715	1264
4310	8836	9316	1568	2860
9639	5260	9110	466	6740
8037	7817	7829	1191	88
6727	9495	6092	431	143
6309	4535	8680	8640	9506
3939	4368	1668	9539	6515
9469	718	5836	8812	8750
2914	2388	135	6691	2023
2487	9482	1147	8021	4248
2807	2009	3274	5487	2361
9476	452	3118	4436	5459
2646	8646	5273	4434	103
796	1087	7109	9418	1513
7247	6810	4741	6970	4310
3341	4435	6588	7484	9215
5892	9137	1742	214	771
1212	8711	4273	4954	2677
5787	9910	5446	811	8035
7000	6165	8315	4617	8717
3253	1243	4065	1451	353
623	1700	4431	7132	4506
7190	8809	7581	7183	9097
4492	1717	6356	7221	8401
3708	9632	597	3767	9697
2269	7759	2399	7739	3365
2422	8257	264	4247	1656
4154	3717	1108	5247	1305
9236	764	9228	4838	6416
6749	8541	3394	8645	2384
4127	3516	9737	9035	2588
2648	9581	8426	3982	9992
9937	7339	6784	9706	8961
9229	5397	7782	4956	5877
8466	6493	7953	7702	4640
9647	4339	6425	3297	6071
7454	3015	3786	1380	9486
2548	1280	941	9923	167
2157	90	9600	7434	8173
5002	9040	8066	7294	8332
1113	2847	5600	7491	4459
2624	2155	336	7991	2816
6293	7957	7909	7356	2410
8275	8930	7333	9565	2857
9928	3063	3437	9677	7837
784	1998	2720	5792	7044
1013	5897	8937	3858	8013
3599	9269	5704	9649	8208
5927	5922	2491	3703	4721
9662	1069	7914	7573	5525
9215	8308	9358	8571	3188
4442	9342	5928	6268	3404
7608	1225	2736	6314	3755
4611	6738	5433	3028	5566
1941	6081	354	2762	4236
8290	8734	554	1474	2621
9282	7194	6547	4401	2870
5687	6984	9373	9261	3464
653	6679	68	783	472
4396	2060	5799	4506	8662
6623	9770	252	5926	1282
4692	4765	4866	6802	2641
4827	4986	4802	7753	6360
6330	1048	7564	8604	9435
6742	2065	4367	7866	3989
4727	4394	9604	1355	2502
9402	3668	5533	4099	4040
5068	363	8746	1445	3218
6713	7891	8574	4315	2976
2962	2402	2152	2120	6987
5230	5433	1673	3332	8104
543	8626	2641	6645	2805
3887	6084	854	18	9791
1550	9619	2016	7380	9754
3584	4655	5983	6164	5199
2292	3454	8266	9483	4839
429	1920	7074	1583	375
9517	9943	4459	1816	7026
8550	5608	6832	9309	196
1466	7320	9739	9689	7859
4733	1303	6081	6221	6898
6692	2241	4101	3105	7778
9223	7455	9174	2015	2435
3020	6208	3942	7945	1430
3317	4487	3633	9238	5592
1335	5928	2811	4612	3487
6384	5354	6558	1567	3106
1285	6524	9737	5503	4197
4707	8012	6137	9492	1047
1152	2594	5558	5162	7174
3461	5209	9551	5119	6616
3788	9534	189	3117	4777
324	1769	5167	3269	2440
1469	7670	675	9779	9981
3774	9853	4431	7029	9590
4072	5059	3731	7030	1344
512	8698	9449	413	8180
5667	599	8608	8769	3104
17	3538	3225	3733	4551
5893	994	4340	344	5111
2896	6640	5143	3602	3625
6486	3410	9717	8904	1678
7168	7772	8713	8371	4526
3470	8314	8636	6121	8367
712	6521	7834	3118	6921
7423	3200	8680	7314	2715
5591	3585	1744	551	3998
1137	9120	5152	1516	8073
916	6263	8374	3201	9375
5044	539	735	5279	6943
8410	1510	208	9128	7300
7998	9034	4068	137	1073
3590	9043	414	2650	774
5677	9780	7951	1779	2254
9028	767	1668	2690	5248
9852	3315	1851	4220	3328
9894	4031	1694	4587	1547
2207	9416	8200	8687	7893
2256	5672	7189	2216	1230
9497	7516	7930	1125	9391
5816	7983	7484	3474	6032
7892	8229	4130	1795	2413
3285	6729	3203	7418	5635
7434	6052	834	4458	9333
3711	4970	1761	990	8899
8456	9768	4000	4756	2380
489	2041	7626	8558	6290
6571	5597	1940	2783	3823
7813	9638	1171	7668	4893
4589	3293	827	3833	1402
866	5487	5433	4046	5972
9875	1756	5761	1953	2996
1564	7341	5999	1834	6739
6533	7140	3082	4291	1962
7897	6621	6893	7632	1390
1340	2875	7923	8071	5146
6036	6529	471	9979	6708
8299	3040	5363	681	8077
3792	7864	8194	6788	795
2113	2537	2078	6414	6148
111	4360	6653	8469	7210
7632	7518	6680	6464	4514
8977	541	235	9439	9721
8799	6138	9203	9525	7114
7314	4205	4451	7316	6021
6438	398	2940	6781	1343
3742	2624	688	5240	9682
2145	5416	5671	6003	1290
2634	7847	1268	5796	3086
274	9889	9804	3542	2448
2181	984	3443	7819	8315
1223	3837	3907	3657	4012
7006	7664	2148	3237	3654
5748	9269	9928	4917	7125
8847	952	8500	3286	3539
8987	4228	7970	4916	1361
5935	3056	2279	9565	9464
6110	774	1585	8765	5258
7718	1475	7369	1531	546
4303	5820	2759	5013	8872
8811	4793	2559	7618	3407
2094	9099	5394	8089	2163
6207	9113	3242	2901	2526
138	3466	9371	2369	5115
3455	3340	3802	5008	4307
9799	6732	3580	1110	3153
6194	5825	4349	5445	4992
8075	8730	1458	5117	350
4633	6969	2563	1308	2150
7468	7778	7540	3357	1141
2901	737	5625	7024	9992
8986	9564	5980	3053	4103
3840	1526	4543	637	1734
318	3666	841	1678	3475
4087	4614	5767	9704	1378
9437	9856	6326	4225	832
7544	5876	5011	7100	7049
8277	7640	7269	4772	7404
9322	692	9087	737	8728
8849	2604	511	1177	7625
5268	8820	5454	809	4966
7789	9217	2924	1099	7879
2930	9443	6580	43	6067
5357	1137	7927	5094	950
7740	374	1852	8875	2448
7982	1543	5772	4723	721
9009	9092	1507	4823	3377
4465	142	1221	6613	1371
5956	414	6892	3266	3330
412	6172	9912	1957	4975
3931	7755	9541	9612	9521
6077	9084	5962	56	6219
5287	5488	6498	9292	6356
5055	4202	6714	9758	968
706	7961	6421	6956	6092
1054	7693	3711	1318	1273
620	5374	4957	6506	236
1933	5176	2031	5035	2790
9710	1870	4372	2330	8600
8433	9797	3210	9028	6795
3334	9905	2746	56	6331
6973	8807	6906	333	2765
736	4176	5778	6278	226
8337	285	5360	1995	6792
7725	9344	7131	5262	4901
7179	7301	6949	7748	9310
9584	9435	4909	2534	9701
9010	6576	1792	4954	2648
5983	7031	786	3041	5546
1984	3336	3605	5205	9068
7290	55	3731	4978	1334
7141	6801	9821	516	5236
8868	8674	5530	3692	6047
3345	7369	1090	1755	6254
9893	9786	1538	6192	3020
915	4604	6765	3855	7356
892	7833	7257	6784	7908
3329	888	2391	6976	873
8542	560	4507	3814	9691
6496	8212	4832	8403	868
8591	8386	8323	772	81
8839	5698	3003	4557	8983
3810	8902	1555	7354	9089
8944	6714	7422	1065	6270
5160	9760	5561	4754	7378
2758	112	1493	6719	3530
8087	7634	796	3354	4540
2960	1298	5058	1464	6456
5106	1147	9178	4610	3839
9623	757	9431	8627	536
3190	5537	1257	2339	2781
3159	7432	1927	1854	7604
7419	1008	6111	9304	9295
7599	8129	3950	4155	9458
6197	4551	8197	7294	2007
572	3608	1930	1100	8083
6387	8045	8655	2300	8874
6727	5742	1988	6070	9011
4210	9426	7102	693	9899
8937	1855	8073	8479	6027
9917	8147	1609	6018	7813
6905	4475	4965	8052	9070
2872	1694	2031	1437	7964
3358	3650	4266	9163	7855
5931	9936	9271	3924	3245
8877	7656	4611	4035	9410
7880	2436	3697	4014	4682
4590	2860	7741	4820	9641
4047	7329	1743	999	6649
3409	8609	9425	501	4923
5263	28	1268	1839	568
2548	1857	3482	5142	1578
475	2564	3926	2535	6700
631	2461	4312	6328	6274
6857	7134	968	2285	8011
499	2494	934	9520	701
7560	3345	5184	9094	5992
9656	9882	2381	8630	9210
2259	1281	9233	2394	2817
2708	937	4765	78	9897
8624	9032	9645	1493	2282
7661	8398	2746	2301	367
7064	4059	5555	5309	1489
199	5687	8861	1039	3945
2939	319	4458	3822	6606
9110	226	5614	7393	5659
9888	9397	9930	3852	7803
510	3024	9934	8867	896
9719	85	3208	3566	9590
978	6592	2195	8847	493
2871	2660	8660	4968	1154
2988	9925	4449	515	7506
9915	197	296	8859	8692
9081	5433	2619	7303	4795
4696	4932	3987	4111	396
9248	3141	5942	498	9709
3899	4917	9460	5927	2978
5842	4534	796	4831	261
3336	184	7693	7009	2553
8580	8461	8416	7198	1712
2578	4667	521	9497	2379
8934	5231	8352	9594	930
2631	3755	8190	4823	4534
4423	3257	5015	5283	594
1668	8119	7006	2849	5688
236	4931	1252	8947	1677
7607	8065	3086	92	5333
2043	209	6557	4852	9254
6540	1320	7630	8318	4813
641	7207	2171	9106	5541
5585	3797	7783	9140	5982
2811	5990	1500	3625	4316
4852	7762	5077	9995	1502
4600	192	1388	2097	2366
2935	8727	4901	1796	3360
3777	7911	9958	7861	2829
2555	4107	5657	2783	6298
284	6812	4157	9846	3007
5892	823	899	2166	5551
8637	501	851	5568	9665
699	110	9500	9146	1534
8233	162	6181	2740	7814
9286	2732	9187	7422	3823
4166	5524	4092	4462	3727
9567	1301	7664	4704	9709
4574	8277	8628	439	7561
1432	1527	9048	5704	9678
3452	3836	3233	1812	8176
8948	1621	5172	3521	994
5896	7055	7845	16	4518
6355	3490	6822	3977	5732
5617	9799	5718	6017	9681
7105	3700	226	1943	4810
3757	3309	8326	8996	9002
4680	1637	2749	352	5234
3046	9826	1671	8913	8779
9109	9744	6636	2573	464
4988	3039	2424	6803	8325
2703	1924	8684	3194	597
7605	6355	9997	1119	7623
461	6013	8364	6425	5920
207	530	1865	7817	4761
9235	110	8630	2934	2197
4691	3923	4840	7071	4878
9970	1677	1672	2319	2545
9728	3490	5338	3951	8905
7406	44	7614	1036	4717
156	2836	656	3809	3381
7085	7975	7756	2138	3287
8250	5796	4940	1778	1940
8480	2650	6281	2257	1315
8939	1735	3219	4604	7457
6580	5593	2371	6474	680
3495	2186	5102	5131	1409
1064	4967	5173	9098	5063
7857	8008	4641	1098	4908
7190	3591	5075	9634	9695
234	8457	6734	2455	1245
2617	3486	6546	5497	8701
3768	503	7593	3944	4542
7478	8970	4365	4514	5526
7147	5223	2941	5875	6646
965	109	8561	8587	9245
5047	4168	9215	7036	7969
3652	3566	7990	3648	5644
1825	303	898	6759	2184
2825	12	7348	5715	8736
8635	8780	3911	4749	3212
1447	3706	1898	4437	3361
4996	7949	8777	8345	4100
3032	3914	5396	4895	1383
8362	7769	7944	1689	1563
6409	124	1823	8743	8846
3196	1375	3827	1666	5330
8462	5317	999	868	3334
5812	930	2656	6694	293
2366	9814	6066	2087	584
5931	4553	6223	1281	5358
8256	6912	6418	468	4592
2872	1110	265	1787	3102
7417	95	6519	4638	5515
343	7697	6183	5178	347
6248	7097	3334	3002	8278
3007	1816	8895	8428	6356
8811	5081	6245	4514	225
970	5645	2933	6047	2820
1747	5996	4367	7025	3574
57	40	9644	7436	3283
2121	7073	8988	5973	6994
8581	1700	7906	5221	5241
6116	978	6855	9349	7008
3452	6620	1036	5445	2559
6507	5231	7697	3860	5404
679	3458	9637	3227	4916
8781	5728	3925	9631	33
1589	1442	3123	4531	5551
8936	6028	7914	7530	7616
4305	8068	4674	5306	6167
7296	6642	8411	2315	2291
7843	882	9809	3607	1939
8998	3747	7179	4668	5989
5358	4637	6281	7395	4376
2821	8098	289	7647	5234
9791	9024	5234	3418	4991
8361	6650	160	3824	5080
7119	8733	3253	3966	4107
6687	9435	3044	9537	4055
8797	9699	8937	8428	8497
8743	2299	6623	7963	3046
3587	84	6608	7772	5429
6284	1240	4566	4034	2731
6470	8255	8458	2539	3446
5308	8066	9155	3905	7940
2389	8237	4362	8971	9685
2912	9432	5089	6196	7844
908	1718	998	9148	2023
9442	2486	5982	9072	8816
5533	1053	2889	5839	7034
9160	3897	4507	449	3487
6242	5872	7020	4096	6039
8346	384	7022	1227	5198
5247	4370	9783	1371	4085
3723	1878	5392	2922	2462
7104	2590	5023	4731	4484
7513	4964	3607	4185	8952
781	297	6767	8009	7899
9432	9031	4630	8052	7736
6561	835	5507	3699	7738
1344	6059	5453	8024	9643
2943	6318	3273	1589	9088
817	5075	1581	7514	9015
2656	3242	6761	9349	2760
1588	4444	411	4204	8952
6611	2726	6055	8165	6691
5584	4618	5970	7106	9806
142	5236	6629	3154	4040
6260	194	5795	3772	7066
6467	9620	617	6339	8047
8828	1975	8012	3151	3809
1949	8541	5437	6587	2117
8183	1243	356	5943	8600
4930	9384	5049	7737	6056
2815	7019	726	4098	7070
1189	2854	9871	6241	4974
5146	2312	1109	538	5198
3403	3968	1370	1213	9687
3093	1048	5438	6056	7914
25	102	3437	6037	6855
3001	4091	8254	5040	9111
1998	1445	8335	1265	2631
7668	8629	1822	5642	7440
8822	6059	2523	4523	4998
4693	1683	1950	5779	8443
8074	658	5323	2239	3733
4144	7538	7244	6104	1077
6752	5343	6209	7475	5589
8880	1	4154	7335	7085
6954	8822	9824	261	1202
7763	4027	6501	1860	2195
2076	4216	9425	3481	5526
7195	3261	8770	2238	9864
1527	468	501	4977	5511
7034	8360	4292	2948	1537
2319	2340	6624	728	1618
9619	8025	684	2511	898
409	3830	3124	4332	3010
9442	2035	9816	298	5976
6672	6776	3990	9302	4458
2819	2045	9652	5474	4863
2164	7216	7796	7319	5894
3173	7778	6220	6184	3816
1824	6173	7885	7412	6633
4421	3287	1574	8764	5398
7626	3331	3403	8860	6857
2250	5057	9958	3037	261
1604	341	1726	6549	7480
8119	6738	9482	6868	4732
5196	1527	9295	1434	3250
4639	6994	983	1343	7028
5977	4373	8117	9759	2140
1344	1541	4425	6222	57
126	6007	6348	9688	8869
2826	2148	7779	1710	8040
8329	9436	2001	7522	2600
2700	4676	4022	2470	9100
5274	3763	2109	5283	3160
3875	5399	5466	7455	9432
9149	4925	6102	1495	1665
4322	9653	3227	1369	7599
3354	4184	4773	6856	6370
4579	2035	7944	89	802
2135	6070	9115	8004	6229
3771	1531	4861	2944	8806
262	6052	2464	3667	3436
525	7208	9009	8708	960
2213	2784	5187	2976	2711
6200	5005	6192	5459	7087
1284	2264	7371	2830	2030
9086	5601	5100	3408	221
6974	6692	9437	2178	321
3798	1515	9447	4421	4171
4912	5215	4852	1689	21
9389	9289	2288	3984	8591
2378	5409	6624	6458	6059
9854	9867	2134	8519	7000
2878	9448	6436	7060	9243
3251	78	1080	5810	52
4678	6319	8763	8285	9988
8351	5592	7887	8846	1350
2186	1507	6538	9083	5528
7523	751	5725	5548	6438
879	102	2809	2153	9480
8898	993	5449	9677	4798
5480	2102	4745	7202	1892
9998	6093	6707	7816	9020
907	4876	9683	4548	6966
9156	2220	503	6590	3166
1414	5251	3139	5710	7473
3265	8206	2282	8271	3456
7963	2358	8013	9134	3653
6487	6116	6233	6944	6971
9560	2375	8459	1618	4832
8997	7835	2408	3154	9862
4583	3838	5306	1336	5262
4050	6065	1226	1933	1961
6106	3734	7982	5677	431
5334	4234	3315	6431	9348
9107	7873	5798	4056	6864
9704	8867	4212	9578	4051
5903	1822	9386	7408	2495
6019	6249	2446	3685	3419
7073	7934	6067	8809	27
2747	3669	1200	5635	8664
3251	2929	9328	5514	1924
2602	9518	6710	8232	197
315	3995	3013	7713	8041
4146	5695	9083	8175	3997
9264	8403	9535	1064	3335
6320	5657	7413	9673	7297
7364	6396	7499	7420	8099
7773	4696	292	9783	891
8130	3312	3825	5977	4552
4934	7183	9297	6334	6600
775	2109	3944	1708	3593
1168	8393	8429	7372	9827
9344	6232	2009	1179	3158
1161	2887	8051	683	907
9142	4854	8276	2241	4269
1858	2188	7634	4507	8799
9974	1183	4925	2822	2531
9885	6068	9419	1307	4746
7011	3576	7667	1979	4360
4709	1097	402	3379	7196
8001	1420	7745	2215	3903
9039	7138	8695	3777	3670
9498	886	5375	7407	4948
988	6952	2686	4265	1297
7586	9178	2421	6421	9257
8039	5156	9050	358	1160
8886	839	4429	2702	7709
7095	2852	3244	3912	2489
6116	2427	6088	6517	6615
6210	1107	6758	8640	3588
1598	2215	4574	2645	754
1827	7454	1927	4925	8103
734	7011	603	2652	4500
7822	9447	2609	4928	6004
1164	6423	6287	1561	8046
8706	9221	6611	4190	4955
7010	3979	3664	6989	3121
7702	5695	2584	5988	4271
6190	7578	2031	38	4582
8637	9045	7048	6817	5368
4482	9077	3545	114	7578
4031	6292	4115	1219	3722
1598	5989	1945	9689	4944
122	5545	1721	1780	9065
544	5687	5012	7938	4900
9592	7682	6762	9381	9096
6540	98	5746	5321	5807
8865	6448	4034	5451	6468
1763	9389	9977	6745	1776
4112	4178	2041	5536	1659
6970	1722	9416	2352	6620
9764	8108	8949	9473	6292
8331	1849	9604	6713	3559
9588	5802	9124	4748	2394
7749	2914	8472	6045	4472
2250	2868	8278	8436	1656
104	139	3007	6121	7007
7490	3184	3260	2318	6377
6558	4285	10000	5712	7891
7893	4270	873	4136	7394
7068	7900	53	2922	4587
4197	9630	1468	1253	8002
8676	4484	2103	7507	6562
9327	3764	4463	3923	5177
9451	4140	2626	8555	2150
5268	1054	3768	4193	1482
6297	6729	6824	8712	5686
8314	3979	88	1308	2742
1153	756	715	4581	4763
9029	112	1410	9689	477
6416	4278	1272	8082	4378
6642	8783	2143	8245	9017
3774	5060	3440	1547	5455
5518	9411	9492	4287	1384
7108	6362	2612	8842	5505
1558	3978	6446	5430	1563
5497	311	8800	4506	466
2650	9149	2460	3894	9185
8694	617	5591	4582	3705
8016	8262	7057	8284	6545
7688	1911	3802	3237	2042
7569	5137	6575	253	1392
1746	9790	4443	2604	2651
821	8078	2444	5422	2767
6313	2709	7462	9200	2772
2343	3435	6878	3107	9487
2050	8817	2883	632	3013
2014	3689	2638	9133	5933
3299	7534	8251	7379	3254
3691	6599	3082	1777	4415
8325	7709	1631	7932	466
8897	279	9300	7017	3227
7069	3641	8859	3665	4488
5888	9170	2451	6315	4925
7604	1999	7872	811	7336
6276	8051	4434	7687	5932
4442	21	3106	3808	4606
1341	8429	5907	1425	2286
6057	8035	2716	7818	9393
1705	5613	7520	9229	9105
2421	6013	4023	9864	5164
1307	9229	2665	3824	3760
6391	5895	2704	8592	8663
9197	9939	7251	5585	4283
8183	7100	7642	2019	1668
3329	1886	4922	7397	2423
5851	7445	9790	5315	9985
7754	2187	6464	5191	9172
251	4388	616	3624	7511
7151	6798	7804	7064	1451
9763	5219	1583	1258	9790
8413	4975	7528	7730	4871
5064	5521	6171	5969	7004
8509	3623	5847	8228	4063
4297	6924	5473	529	4166
3189	7144	7640	2512	7468
6758	3739	4400	870	7521
7770	607	3771	8894	3775
2363	5963	9117	17	197
2904	2607	2090	1447	4053
4397	1176	5100	2854	5257
5130	178	6577	7818	9953
2738	3677	9930	1362	7687
5803	107	6986	8242	8525
5144	8227	5603	2778	5827
2664	7994	6464	7460	482
9436	7212	2934	7731	7333
6734	9415	386	4371	5427
6782	7399	8090	3332	3866
3629	5213	7777	8937	6936
5432	3632	7834	10	1212
8513	3033	9027	9369	2398
2907	7180	9482	2911	2377
8825	4687	5989	9645	8629
9663	7498	4054	6877	3551
9836	3995	1664	3889	5914
5402	8213	9235	5874	1203
8059	2233	4147	8631	2834
7475	2257	647	9860	669
8215	1085	1999	869	3441
2245	3024	2090	5252	9376
3023	2202	8801	2284	869
4949	1248	8943	6898	3327
7844	3432	3160	7707	2372
5282	4844	518	2754	6211
1638	3505	1573	4547	9488
193	6176	7362	2424	6290
5648	898	6361	707	7116
5972	651	4749	6764	1300
8713	819	1154	4323	2356
9660	2865	9843	8697	6395
4861	7947	754	9619	3486
3796	6169	516	176	6756
2742	8662	5825	4587	9100
9843	3449	2104	1340	2771
9141	2122	2573	9419	9947
8018	3212	9718	7436	114
4980	5834	6587	302	5543
5890	3533	7828	2292	7900
5606	7230	2843	7958	2496
8549	1484	1267	2911	1593
6551	8146	1965	6693	4018
5468	8048	5517	4349	4291
2065	6728	4308	7935	8115
4660	1358	7842	6233	767
3566	5025	5111	4821	316
4380	5801	3273	2260	2308
1650	1547	3083	3950	5925
7461	1805	4300	8772	1983
7566	9551	366	8184	5648
5303	2510	9394	3168	5637
5983	6335	5609	1545	6961
5040	9559	3841	2065	9367
8442	7912	8845	3890	6983
2624	6793	1169	4162	1790
8751	8916	4492	193	5677
4370	7708	4501	3610	1936
1442	5883	4371	6293	7412
2507	1981	3056	6365	1681
464	7479	51	4580	1179
1157	4194	9625	169	2612
5513	3142	6112	4519	8089
8684	7173	1321	2035	9358
7688	9605	4919	9552	9929
8675	9904	5585	1718	9051
2725	5795	9244	9444	6964
2721	2533	6456	3450	7856
1567	1731	7144	1202	2585
9981	2324	4961	2397	773
3817	9296	552	1877	3601
7144	3677	7560	2201	1782
6873	4966	1255	5355	8336
6643	4522	8250	2739	6566
4376	4650	4010	1748	71
8579	1285	6982	7108	6093
3539	180	9217	6628	9791
1657	6161	9338	5599	9256
5569	9691	4227	5134	6695
8224	6291	9267	9925	1537
830	626	2050	1850	8510
4350	4676	5318	7733	6276
4897	6553	2581	2256	3802
3678	6689	7157	5360	8648
3583	8490	4491	409	8828
7826	6444	6435	2036	4089
2550	5058	6337	2708	4152
8036	6446	2605	8418	6737
3243	281	1303	4805	2777
3932	9740	4606	8250	2298
7038	9051	7476	5857	9005
4919	260	8993	5041	5314
5934	4070	7179	9459	2303
1091	8146	5379	6521	1199
8446	5209	1440	3594	453
2012	4330	3669	8692	8410
599	7581	9492	6168	6423
3679	9520	1940	6552	1555
7847	3388	7458	2480	4953
8216	1116	9419	4599	4859
1197	8716	3452	4477	3514
8491	8351	8919	3428	7661
2884	7409	4971	7084	3464
9878	586	2978	5938	8000
8677	1558	5158	5294	9168
4490	2935	8491	2218	2816
7268	2054	4697	2026	4770
3776	5630	1892	3361	999
4868	2393	7981	2878	6224
2010	9159	3371	9363	7524
7249	4500	3806	604	966
1897	2694	2924	7404	5331
2621	2467	5487	9811	4272
8173	9023	3943	3938	6465
6644	7871	235	3475	3153
4036	2767	5502	3113	2309
3739	6153	4601	9081	4628
5954	2097	9522	9884	3756
7913	4598	3456	5628	4516
6717	4818	2539	2291	6191
5117	1318	6375	2889	1118
1992	9972	3503	9700	4624
34	1440	8875	7950	3213
7244	4082	9132	2683	3256
6914	6220	6117	448	6910
3101	1310	9515	3478	8664
3101	9911	2615	6501	4312
1800	143	873	8808	5080
8509	8365	5887	2921	5284
8588	1473	1807	9814	6245
5492	7107	9067	1665	890
7062	8066	7334	4476	4864
5471	3748	2860	754	6255
8855	2182	52	8697	879
2023	4964	2963	7818	7096
7039	2248	7783	6524	1549
785	7304	5703	2196	7693
9071	5103	5087	7167	4892
5860	5876	2162	2655	2569