7305	7207	9862	3889	148
8034	229	4089	7543	4504
1912	351	8382	7036	7637
9745	6895	5088	650	2116
8419	6204	6648	2813	9179
1742	9607	1729	8435	5146
9625	4837	4240	3087	5979
1417	3523	5569	6553	9791
569	3913	1021	4314	1387
2366	6182	9570	2814	9439
5278	2420	7775	6767	9927
2534	9877	4602	415	5405
5418	3575	2800	8809	461
6696	5384	5187	4488	8141
9406	1058	3535	4940	5387
439	2886	6836	7881	2493
7819	7820	6216	9119	6504
2935	141	1129	4203	2957
2613	3590	1115	6845	3442
5142	6857	5582	9627	7109
2119	200	342	4636	5081
2381	4151	5502	3166	874
7547	3296	9965	6937	6574
5862	8971	7920	5395	6768
8326	7652	8780	9408	8702
6761	2006	8178	4349	979
6760	509	5878	4707	8163
6336	6803	655	5865	5620
5900	7779	2265	5297	9198
2939	7316	7181	3949	556
8639	5271	7808	3707	6554
3627	3768	9239	6452	5945
6957	7353	6166	2094	7070
2991	4065	1705	9110	259
6715	5974	8663	6349	2954
6561	8456	3791	3391	362
3360	4752	8289	4898	7482
5133	4622	8622	3872	7688
6189	748	3883	7340	3575
518	8559	1451	4102	621
6240	698	7908	3990	3957
1831	3762	7731	3890	3914
214	8029	3269	4879	7802
6700	4497	6936	3698	5153
8079	1359	926	1936	1202
4562	5061	5344	5540	3111
6125	4382	9119	4752	3155
9072	3678	6217	2002	6465
3214	8331	2240	9490	7845
3721	1483	5490	3120	189
1417	7249	2297	1907	5399
445	5680	4894	1031	5273
3561	8189	7069	7496	5352
6642	9813	3033	4910	7140
5705	6466	3011	5165	4471
3347	9636	9587	3481	5246
6392	1693	5986	6128	9348
5126	3678	8276	9402	86
4919	5572	3996	1738	8610
1110	8567	7149	1966	1635
171	9263	4031	812	4785
6719	9239	4623	884	3216
3765	2577	9678	9746	1978
3878	4335	3869	8100	7965
2094	470	711	9234	4000
5828	4465	9219	9240	8966
2189	1868	1941	9948	3872
9542	4215	9322	8863	1522
5001	456	6067	9480	8062
3691	706	8768	4848	6845
3693	8652	7950	9372	8769
491	7191	9183	8158	2549
4352	1834	9859	8810	3061
4541	8553	7088	2050	2889
393	82	399	3324	4118
2614	7127	7776	9326	1235
9093	6406	3117	1295	982
5434	3291	2957	5315	30
6001	8232	6311	3163	2293
1732	6548	5356	9902	8619
2784	7625	542	208	855
5553	7829	3985	4090	9048
1043	8276	5434	763	2645
9894	6062	6296	2854	8342
7446	623	3322	7928	237
8742	666	19	7775	844
4012	2741	3228	6444	5632
2522	4115	7893	5617	6733
8979	829	2617	6698	3492
3970	6191	4776	6055	685
8825	6512	3231	2612	2627
7996	3491	1842	3269	2951
9973	4217	4555	3991	3235
980	3757	2525	2501	1021
2727	8550	2993	4690	9531
9275	5707	5912	8715	3703
7495	738	3746	5008	2307
2219	2461	4830	1632	6548
561	4115	4730	936	1074
8036	3489	2960	1717	2962
5155	7244	2570	6917	3972
9519	2353	163	9299	7005
6946	4783	6982	5305	6039
8136	6497	7039	9274	674
2535	83	2715	2076	6200
3055	910	1503	5382	1058
2649	3822	4159	2308	8038
9885	131	8791	6941	9842
1694	6827	933	3230	8301
2522	7684	7853	3261	1348
4707	6597	4947	9130	1876
5991	7853	7844	6533	2894
4263	5511	6285	9676	5127
7246	4399	3727	5143	5522
1891	1102	7294	9559	6977
520	6866	7272	8971	9710
2668	8201	404	6220	2803
8967	7712	3561	9078	6572
7696	561	6946	5715	7230
3104	6271	3676	7180	7192
678	1970	2042	1145	7192
4173	5041	5022	6008	9463
9199	2017	3367	8720	8414
9318	6770	4913	196	2605
8934	5155	3584	6477	6512
2485	859	3806	6555	3401
5409	3038	31	3615	8923
5848	3281	6490	8028	6873
9974	6695	5126	918	2673
3435	3200	1145	3668	1306
2999	3182	5626	6315	8819
767	5076	1157	4404	2570
8033	7683	2800	1526	2216
4033	7938	6476	1548	6691
5435	3147	9167	6307	2450
3897	9506	1856	5565	8083
3771	7494	7253	5537	1709
520	2931	6888	8427	6896
900	1510	804	3117	1360
8092	4090	128	8675	7899
6942	520	9101	1960	9238
7595	8942	2044	2264	7222
79	715	639	2299	4012
2181	9593	8032	693	7297
8056	320	1613	4732	1567
6091	6629	7952	8224	8772
9780	5925	8048	945	2720
8711	5792	4877	9265	6561
5509	7980	1069	5534	2318
421	3730	1751	1214	9607
7069	4958	9588	8215	3309
1929	1889	6254	1630	6553
4048	8448	726	2061	4927
2832	2722	9329	1792	5816
157	4147	9520	8684	6371
8265	6101	8783	9442	2007
2262	7624	1941	4833	9875
9874	8843	5081	859	4697
3908	2258	6574	2611	347
5971	2817	5371	1107	898
6446	8405	8541	6892	2118
8228	8832	4315	309	427
4483	8273	9311	1597	6371
1329	9808	3676	1635	4250
9925	1962	9951	1238	5280
6567	9773	2832	9869	1129
2075	1602	9901	6912	6745
4285	6343	4659	7763	2326
7392	7717	5383	6903	8198
2119	6076	400	387	8503
1256	51	7554	5738	1250
1177	6670	1050	6017	5199
5522	9097	3077	8656	2603
5355	2336	3477	6229	8634
9941	481	771	3039	5954
3992	8156	7945	6179	6007
4326	8657	266	7602	6056
1526	7430	9247	8884	606
1752	2126	9936	7233	6
5048	8235	700	1949	175
7003	6380	4480	8796	477
6773	8311	1012	5874	3201
9602	9805	4828	6973	322
8647	4974	579	5435	3159
9470	506	2063	5719	1066
8113	533	1276	4252	9418
7409	12	2130	6003	4648
7390	271	7695	403	4690
5133	9463	2531	7493	9407
4124	8893	3445	5471	8872
1893	1964	8497	6059	955
4365	8370	3109	8659	9246
2692	266	8884	2285	699
2639	4603	7229	5605	9570
9180	6527	4594	4056	6033
5382	2326	3292	5401	8456
4446	7237	636	8732	7547
7727	3910	366	7880	4393
4462	8319	4267	9532	7903
7959	9092	9598	2429	4859
2700	8443	10	2620	4867
8225	6014	6096	9634	9156
4706	6251	1545	3933	6777
2834	5741	8404	6779	9171
2430	8462	2323	1614	3343
1800	3161	1354	7684	1122
209	1311	2207	6458	1290
8603	2142	3068	4101	2738
9647	2791	7117	4392	1539
8031	4086	3714	5486	1297
3283	8288	703	6817	2448
8708	147	7574	1761	3334
3508	6759	9161	3906	1332
9069	8161	3457	7582	4982
7677	814	1823	2164	1501
8098	6830	8149	6940	5817
4191	6029	1888	6690	8843
4852	1370	3392	7529	770
2228	5807	2146	666	982
3830	7437	7846	3723	4428
2724	7570	3408	7511	6059
9075	2330	9735	4306	9327
2454	7203	1202	6919	1443
9422	4075	3512	2808	7086
2545	3686	1513	5026	5928
8648	2526	5071	9508	2686
8898	3942	4554	986	9854
6967	9957	9924	8845	9597
5887	1553	1478	3068	3863
3270	1449	2336	6992	9901
241	6682	4065	4253	2696
6931	828	1855	1625	6956
347	3878	6335	547	5446
9814	8314	9764	3143	7492
2861	2734	8961	2848	555
1958	371	6722	805	1810
1245	881	8250	4332	5588
6726	6886	7651	2577	7532
4666	7576	3720	2317	231
5421	3756	9457	6910	4148
6160	1135	5994	2124	6283
5303	8980	6905	7528	3008
4638	3683	6039	5325	3077
1356	1749	546	19	6877
3940	356	9470	9144	2419
2594	3139	1618	4393	4736
2635	4412	1597	4738	6091
8378	5585	6234	9939	3654
9887	1389	3820	8444	5579
7003	1954	4873	2893	8441
1009	666	1699	3707	9757
4095	5250	4466	6485	9671
7558	3717	2289	1831	8087
6116	2870	3062	3893	4876
7728	7550	7779	2116	6982
6414	333	4075	7525	352
8348	4442	1116	1369	4893
8791	8084	1398	7342	8922
3142	8403	8200	1565	3727
9440	4698	4918	54	1674
4553	2077	3274	4414	5699
6751	4367	5066	8212	7095
4280	4758	984	3123	8549
7868	4007	1046	3280	5708
4078	3570	8461	4940	2055
5439	8183	2070	1685	9071
5350	3923	3405	1659	2575
7978	2575	4330	2373	281
6339	5845	3180	3474	8456
3857	8361	7301	1652	8555
9908	6424	3927	9023	3557
4793	5001	3585	9453	1165
5800	759	2340	2230	5187
6104	7145	618	670	6828
9629	1595	1631	2067	5337
183	5853	3501	1609	1841
1676	8147	8225	5390	5511
4198	7993	3267	81	7786
4660	6257	5535	6655	9193
8676	8917	5169	799	5339
6522	566	5088	9065	7778
615	7775	8861	7692	3904
4969	9228	7096	314	3938
9348	6954	9917	8888	1333
4117	861	1413	5492	5448
4598	2344	5207	4444	2073
9738	6771	3283	6300	9515
6334	7272	3734	3813	5737
3793	1217	2632	5791	5863
2519	1283	7037	9114	9021
7014	5010	7768	5480	5692
2094	1032	4645	9560	7134
9889	1051	4709	9175	5669
7437	3337	5128	5580	9112
2029	1640	3092	6778	4285
5443	2822	4502	2348	7996
7025	3519	1871	9521	277
8347	271	1926	7687	3233
7204	5819	9984	3188	687
242	3632	2552	2683	632
8250	7125	3626	9169	8268
3818	6436	9313	3248	1536
1050	9089	6359	6142	4240
3685	7829	7780	6989	3492
9905	5934	5806	5995	3386
1896	2608	5515	3028	9013
1642	242	7720	6179	6454
9390	399	5477	2357	4106
3797	321	6871	2711	857
3929	4298	618	7620	3327
3986	2261	9457	107	2069
9186	4548	4113	7593	5171
836	2070	3296	4569	6838
5178	1040	3204	1478	8602
3605	8105	9936	4660	5457
179	3540	3820	8381	2852
7186	2617	343	4540	4719
1097	4183	1579	6749	7831
1186	4873	3750	2414	9169
5359	4892	3375	7216	8851
9941	5671	2604	6813	7861
1877	8225	6695	6386	1915
6327	2104	5542	5912	6320
2453	7359	6451	1442	5030
893	3082	728	6299	6573
7903	2282	9092	7340	3119
2831	4113	1993	4871	2822
9509	1317	8597	3574	5840
7269	6975	8473	3194	8566
756	1696	9886	7935	2321
6775	6045	9220	1120	9958
1006	5404	1647	1493	3537
4523	9582	4211	2803	7980
2598	9447	649	4033	1419
2053	7658	9743	6505	4998
7294	7049	7173	1014	1146
9756	8985	4540	6188	9653
7927	6798	6453	8612	9698
6152	7941	9568	1882	562
5529	754	9240	5243	2394
6924	2475	6589	5382	4115
4387	3424	3380	7062	6618
6790	6575	9023	226	6140
1263	261	3676	9220	4977
9293	1970	4532	5615	1203
774	23	1135	770	4544
9815	3126	7228	4596	1775
4294	8180	4194	4026	8472
5105	7356	7294	447	5500
9940	391	68	7611	3843
4656	6926	9234	1819	3312
8705	4611	1595	8077	3749
6781	2816	5908	4413	1139
6152	4852	1168	7805	1728
2868	6172	4375	7928	3643
2776	8933	1059	6028	2954
5170	3494	482	7553	8878
1945	9706	5951	8448	7522
5028	2105	7369	9381	4750
4887	2111	1981	941	4690
9518	7958	7851	2899	9039
8327	4621	8722	3934	7608
6032	178	2893	6924	7183
8453	2879	5054	8494	6516
1651	8253	2501	9367	1764
4601	3594	2974	5081	7228
4150	8185	821	2285	3606
5380	5595	524	7941	2761
1742	5269	4081	8696	3959
353	4898	1514	8091	6483
3157	5939	1956	5850	3796
4928	2324	192	275	2728
6078	9486	7934	6373	944
2286	1276	5480	9085	4283
8165	7414	9930	8077	8033
1699	5524	1267	2018	7020
6135	8256	8131	3797	2929
7342	9431	1077	8400	5964
8898	7356	776	9593	7444
2796	752	7862	5890	6234
2431	5329	8632	650	9966
1983	690	6080	9921	2827
8108	5531	2803	6846	3405
8302	5194	750	9576	8749
57	2083	334	1141	341
2652	6720	9667	2068	6241
6636	9024	2487	6288	678
6266	2325	8007	9277	5400
6203	7311	9365	524	2555
3	7142	7883	5162	597
786	2950	4894	7117	2117
8137	9508	8800	6691	8413
1706	2598	3992	2924	535
335	1667	7036	4915	1413
9660	9237	6120	3887	9307
4065	8315	6125	4470	4673
5675	2962	2815	6375	9640
3188	7532	9887	2882	9166
1875	4426	3547	923	3933
6070	7828	6008	146	2078
2380	3566	339	1192	5961
4591	5872	9533	458	9712
8139	1289	1863	4456	5716
509	1689	335	6486	2204
272	5904	7149	8909	4320
7751	6041	8620	7668	7510
5588	8729	2385	743	922
9529	9474	9287	8323	3043
4998	9940	5822	7525	9900
1783	5237	5166	3871	7926
1175	632	8413	9115	4828
5446	9274	9392	9105	7607
681	2501	1828	2847	60
4626	6883	9025	5871	511
1210	5820	5590	1465	4958
1682	379	7361	5167	8578
668	1257	1659	4280	9635
3711	955	2367	4731	6754
8087	152	5174	5034	2121
753	9380	9673	1077	8207
7272	1354	1272	6072	6854
592	8311	4431	7924	9120
1674	5262	4297	7955	7363
6180	7654	4829	8901	8554
6401	896	101	7309	4701
4063	5232	8291	9726	4852
2170	6069	3221	4231	226
9319	1225	1384	9188	5269
7906	5516	7431	350	2524
5062	7937	8590	7983	45
7515	3276	2040	2168	4613
5623	4334	5444	387	9177
6854	9824	8609	2970	1046
8467	6915	1261	5568	5321
8447	2585	8562	5669	9443
1928	4487	2515	1358	6138
7553	4893	6342	9207	8577
6565	8079	9938	4219	9864
9629	1619	4303	1114	7764
9239	1426	909	4292	6623
9416	8690	9058	2381	7800
6256	2800	60	3052	1886
6212	6912	1734	4198	4916
1868	7280	7927	5260	9030
5219	1676	7802	5708	3399
2057	6244	1204	5246	8622
6774	2382	8391	887	6703
4901	4867	4393	5646	2165
601	5967	5767	7233	6260
9804	8459	2886	4710	1673
7848	5081	2130	120	7231
9781	9450	7752	12	8403
1758	5469	7934	3997	8977
3835	6824	8590	592	3858
4635	2087	3658	303	3948
4167	9528	1109	5289	7833
5164	174	8006	9326	53
1609	3732	7355	1093	575
8684	4124	3632	4782	2047
2517	8800	9886	2606	1276
1511	7311	2608	1348	781
6431	7207	1231	2420	4959
283	3328	9351	1045	2485
3947	8747	3605	6184	8347
5438	5417	1605	8734	9780
8248	8744	6251	5262	5889
7480	4917	6969	6315	5593
2749	1798	6841	3883	5438
7980	4342	503	1714	3608
6946	1801	8551	7382	6723
3511	7504	9785	2129	3038
9381	2543	6313	4479	9214
4871	9537	2454	409	6975
3512	8728	9142	6700	1198
2681	292	3169	8036	335
5221	5202	2539	1774	4407
3773	8295	4731	120	343
4573	3452	4216	8482	6457
9637	7349	4270	640	5198
4902	4202	7844	8234	4419
3705	3291	224	7309	9321
7563	3281	7226	5028	5145
2247	3873	4241	947	1491
1254	8355	6199	3492	5708
3766	7707	8344	4397	482
1647	6927	2813	548	1475
5687	4025	2910	7999	7574
5642	4747	9462	2889	5179
7	3283	8364	4818	4045
5085	3519	3717	3045	5642
4276	9373	8133	1435	2965
4866	2661	9652	4935	4279
8723	8447	2208	5456	6465
1856	5768	8350	9719	8379
1698	2233	7182	888	3629
7645	6390	6698	751	5403
8967	7114	2497	2164	4199
2940	567	7324	9799	2484
4308	3085	2445	5308	2722
5316	9397	9557	9899	5760
3262	3573	9775	2926	5970
8817	9578	9561	3879	5630
5022	4699	7232	6830	1761
614	860	2395	2087	9815
8281	6461	4262	1041	3139
9187	1910	1151	7680	5809
2463	2142	3527	2588	7587
6973	6302	2836	1445	6687
2033	7904	4235	6987	1726
6302	2788	2144	6075	4889
1259	6545	9867	4144	5633
3104	6920	8432	4313	872
9270	8690	5583	5188	8547
4829	1770	1017	6436	8130
4384	9397	9897	5025	9201
6195	1190	1296	658	8540
8957	7728	9146	4278	1956
2094	4874	1715	4784	2747
1162	3822	6373	2929	689
112	9397	9993	7897	9750
4940	2106	6294	4755	2386
4145	3776	9536	7359	1443
1443	2054	5989	1449	5297
9672	468	7190	1506	4917
8525	339	1040	1813	4923
7076	2819	162	8675	9910
7943	924	5643	2874	9852
6280	812	215	1633	5843
3016	9268	9063	7760	5109
5377	8203	1664	7544	1665
8602	620	9130	5561	147
5902	593	5268	1581	7655
8414	9076	2934	5362	2369
6658	3152	4096	7671	4693
2048	6440	7855	3640	9446
6397	3288	420	3588	2696
4079	1422	5043	7061	1533
2105	658	232	7597	8765
3088	2033	2876	5336	4671
6247	9754	5630	1784	4259
5585	3087	1380	9373	1055
4748	4443	1194	352	1011
9158	7741	6572	6245	8986
6567	7824	7760	6010	9018
92	7406	8501	7617	1019
60	5348	1062	7381	15
7185	4275	5533	6011	9065
5079	7961	4124	5965	1277
2268	8782	3219	9232	7432
7885	8618	5048	2695	3837
7182	7795	6242	6207	9090
1560	5157	5916	3913	6949
8089	6038	3769	5955	5621
4141	5059	1327	7945	6749
823	6442	3484	3955	5884
9375	5312	9726	625	9633
9311	3189	7657	4086	1562
4176	1586	5501	2439	3180
4927	7907	7237	2474	8338
4449	6199	1751	6320	3945
6909	1233	6354	1377	6420
6259	8832	7487	8207	282
2150	1481	2743	1786	7521
9473	8965	7854	5141	4541
561	6533	1961	4557	318
8810	7801	6191	8184	8456
3750	9654	9120	431	8759
6460	2762	9789	257	4535
9356	3300	5389	5667	5863
6669	8687	7775	8172	605
2614	8145	7769	985	5392
5089	4758	2630	528	3003
5942	3559	6286	9094	6228
8952	2318	3614	2976	5099
8577	3152	4058	4828	6457
3144	9084	802	1142	6589
5988	5701	4117	138	6638
9420	8547	9688	7553	4031
2743	3144	4680	2076	4026
5718	2282	3639	3599	1168
1131	1396	6529	4448	5531
6776	3980	8635	9136	8339
9415	9450	9339	5418	8816
372	6421	3519	7361	5514
6407	2296	4367	517	9623
9391	3687	287	7643	1106
61	3583	7148	1492	7987
9890	6624	9247	3194	3116
284	3549	309	3015	6981
3230	3332	955	1755	518
59	7859	8668	8599	9295
9099	2960	8295	6761	4917
6805	7280	1690	5060	2154
5027	515	6408	8632	6354
9871	9315	9946	3734	4386
9296	7115	2915	5593	699
3025	9777	5791	6828	8182
9012	2853	6543	1560	1832
4850	9639	1788	8727	7925
5265	6049	3109	3294	6063
582	9045	6668	2410	6224
4160	361	3237	8826	7722
1746	5128	5417	5414	7501
5320	9654	1313	6615	5932
3539	6244	5536	9722	7116
6267	4657	3683	5940	3500
6965	608	9280	5383	714
8274	490	8589	853	9361
7894	3793	8004	1223	1348
8402	2587	5207	2043	1841
4099	6058	7579	5130	9052
5921	9625	9529	898	2363
9820	1226	6395	2545	2377
7214	1591	5675	3485	2685
5970	7627	4716	8513	7577
752	6683	5388	3455	2529
8511	4651	5855	4434	9907
2325	8609	7987	9698	8436
1371	110	5585	9130	4997
9912	3208	7125	2555	4002
6356	2098	7922	1994	809
7487	4008	5543	3380	1835
9204	6337	1887	266	5886
6922	666	3	653	7534
1184	1506	5795	8807	6773
8594	7890	4523	7497	7110
7234	733	5883	6777	6889
5065	1542	5530	9261	3252
6248	3993	4715	8869	5748
9707	808	3957	3314	7320
467	1831	8906	9619	2891
8636	91	2427	6083	1249
5196	3676	4887	2465	6046
5519	4818	5856	5935	6219
1733	395	1990	3192	7701
7591	8039	5323	1777	3650
2305	7268	4976	2475	5630
721	3863	4911	6467	8839
3449	6116	4734	7662	677
978	6361	5832	4168	9299
9219	1789	8099	6699	2906
4203	2293	2547	283	8831
2287	8332	6795	8466	7517
8044	113	8850	5379	4186
7921	7195	6006	8604	8522
4110	6512	7122	7991	3937
2812	6173	7123	2298	1581
5897	9368	4269	7259	6037
4746	1848	8228	3316	8261
7367	9522	6102	918	1039
4675	2911	8687	1736	3989
9045	3969	3657	7308	8940
4771	8994	1989	1085	6021
141	5526	6286	1818	2693
3498	2539	3948	2578	1978
3135	2711	2058	1038	5801
1287	4880	1054	4805	2751
6196	734	6257	4810	1628
6362	7817	4689	3294	2699
4224	3558	2226	8166	6798
8503	4762	9278	4033	9722
4511	3043	1010	7847	6310
3906	5431	8452	722	6882
5671	5843	9916	6743	3629
5732	5204	5980	5118	5119
6644	1151	2538	6954	441
8183	2735	2777	6480	3913
6039	1225	4707	830	9126
2284	1709	4316	5669	5887
4942	9698	100	3417	1812
7476	3554	6535	1448	9182
4698	2346	3902	7262	6530
640	232	240	2300	4214
6128	3695	1446	7760	9428
7741	5831	9998	4545	7024
9424	9117	5530	9329	996
5720	4010	4695	2572	3095
4693	507	4968	9337	5730
4536	1976	4859	2627	7379
7004	7952	8026	6446	1731
8841	4281	4407	1164	4592
4265	3383	7164	1795	7589
6195	5983	1052	5977	257
8190	5028	8764	8631	3057
4408	1396	2919	7508	9656
866	7530	8570	1565	5590
9513	760	3199	6340	7421
8833	7938	8571	3604	5903
8062	9097	6279	4777	7355
3486	3012	5381	6848	9983
4291	3260	5471	9500	3747
1472	5072	2284	952	9717
896	1839	2998	1791	8859
4370	2693	4906	7535	2519
7334	146	8645	5206	5475
4938	6438	8123	1522	5568
8146	3555	7392	8178	963
5611	544	1797	1666	3682
4805	6773	6627	6884	2258
2775	8642	9156	3454	5192
3882	2926	6226	1161	1463
3003	7257	7772	5802	7834
2933	8923	1450	4477	6078
5269	9539	3337	5576	682
5242	9491	3080	2315	953
3182	109	9668	380	1154
2223	2933	9957	9818	2304
9236	7424	5025	1658	3425
6649	1811	7932	6834	1477
2956	6405	5965	2956	2163
1534	8384	366	6141	1082
7800	8279	6931	3957	8691
9440	442	2441	4129	1027
6848	2145	4979	9771	7705
6261	4043	6022	8593	6345
4767	1432	7457	8087	5764
6591	5207	6613	6398	7059
8833	5334	7320	3758	2845
5256	4109	7020	3339	9589
6114	1538	6503	6108	1421
4807	3175	1631	3081	1475
1197	1421	8853	9712	6918
3592	4117	3061	7786	9504
9647	231	311	6511	5458
1979	2198	1090	3012	9499
1718	2211	1892	8390	4185
2158	6476	6172	7323	9969
6841	9209	534	2246	4822
9081	1133	9326	2091	2720
1114	6185	2179	7685	2245
6682	3324	6201	8590	9416
8179	3028	5382	1931	4989
2511	4090	9684	1710	1952
3704	3145	8374	922	1164
1654	3439	3667	8211	4715
7522	9766	3169	9609	347
2029	4647	5636	6902	2706
3231	667	5142	8887	8289
6399	8198	6464	1399	3356
7787	7993	3119	1626	5398
4118	8102	4772	3312	5402
2195	4381	7973	7286	2014
5906	3432	3891	6769	8177
4989	6052	3294	5053	4504
7451	1058	5685	3941	348
4874	4330	9936	8832	1709
7582	4715	3786	5923	6136
4879	2725	3479	3716	5980
6039	8440	2496	8808	2643
3178	252	225	4285	8845
9373	1354	8076	7936	9939
1882	4472	1329	1293	5117
2672	6300	4773	2352	4423
6811	136	1659	654	5895
4262	2231	8113	6709	6725
2767	3795	4376	2061	8572
8895	709	3157	2655	2016
2408	9247	9376	7784	2509
4429	47	9832	9326	7994
8179	5631	4627	5063	9095
7769	786	1668	7129	4574
4669	7305	206	9755	7015
6297	3228	5906	7450	5756
9525	7732	5092	1622	9826
2745	6661	1020	1464	3563
8757	8657	760	4288	6643
8750	3832	7841	2948	8421
1734	7324	7860	8668	6785
9192	2091	8209	520	3371
273	121	1555	4942	5405
276	1860	5084	7235	6278
9240	7659	504	2063	1813
6764	3265	120	8360	6299
337	9972	5253	8704	5038
5960	9233	1005	7790	3578
1053	9415	2245	2159	5322
5214	4966	8022	2540	3402
625	6524	3426	8257	1229
3876	1914	4882	7076	6031
2058	5694	8973	3021	6282
3576	4278	3267	5206	9554
6966	8116	3157	1459	4745
8547	1055	7384	1946	3190
3755	5989	397	7851	5846
6913	8178	833	2825	3907
638	1667	38	6696	4506
5810	7115	2654	3212	2892
6331	4092	7017	83	885
3796	7394	5832	4289	9126
5369	859	1350	4965	1650
9744	2497	5936	6267	3489
724	9260	1263	3004	9165
3929	609	2482	6663	4641
2211	8760	450	4313	1076
499	7116	6800	2475	5803
8062	4016	7602	7641	8386
6184	1663	6437	2698	7118
1992	3285	7302	2585	2663
8516	3687	9265	4757	9204
5086	2224	2692	9511	1448
875	5435	9844	2670	447
6515	4987	443	6551	3993
7098	7972	6045	2361	1736
6054	9176	8971	678	7950
5273	4132	4380	5981	5793
4669	1462	9826	8639	7427
1836	2439	1922	5762	6976
302	8429	7298	8092	5179
8385	3389	2518	9099	7993
6812	1303	2851	4062	8007
5539	6962	7010	3296	9973
8675	9709	1354	5173	8926
1742	9757	318	8738	3563
5248	6778	3800	7485	7552
159	7255	6541	5555	3454
5091	9049	2675	2416	4188
7693	1789	4405	61	3031
9552	2973	343	9899	6131
9179	7954	6528	811	8763
2810	9450	9919	4559	4132
8670	2993	5008	3441	4961
6565	6302	4387	6270	6469
6011	7263	8608	2765	1941
6349	2510	7902	8827	3618
9141	8972	8878	7257	8240
5596	4129	2991	9695	7035
1666	9364	1714	352	3993
4091	2231	1110	555	1903
931	5735	9044	9553	6808
4456	4450	4851	7861	7630
4809	2491	2141	1993	6523
136	933	1175	2883	312
6801	4479	3555	2232	1879
3704	3224	7579	3146	6354
4242	1488	5492	6801	9345
6239	730	26	9442	950
8127	9431	8508	909	6011
574	8313	2961	804	3207
5651	6192	3767	2438	6300
4575	1123	3691	699	578
5574	7419	6389	9669	1932
1476	6550	8075	738	8277
6202	1506	6748	9627	522
8608	57	1884	2951	9871
4207	4559	8140	4875	5931
2991	9421	1723	148	3334
3014	7764	6845	5131	2745
6988	2664	4480	1053	3020
1352	1120	4809	3232	269
6291	9517	5824	6831	6188
8100	3784	1553	9045	7759
5294	6760	920	1842	7374
3233	6748	4886	1095	7685
3423	5401	2297	4936	5812
8028	6563	9741	1597	3396
4107	5808	4858	1250	2233
6445	1718	8290	3893	6687
8185	7130	7700	4248	6737
7618	2245	107	1629	7068
7406	1331	1465	4540	4045
7567	8185	8496	797	8910
1041	9057	4222	9983	7623
4704	8308	7262	874	315
8777	893	6938	9967	1174
8857	7309	295	6171	9576
6009	7653	4126	5819	6787
6788	3239	9876	6535	4606
194	8926	7658	9332	9019
9391	7970	6873	4883	7926
8404	9152	7002	4573	3538
5071	2408	8772	1754	4395
9201	8371	1736	6660	2288
6688	7466	1137	3470	5844
4722	1631	6313	8474	5025
6555	3320	5413	4881	1657
4549	8555	6832	9699	1486
5021	7917	386	7133	3388
5074	6118	1990	4165	4167
7076	8243	4503	4105	3534
7978	6532	8733	2017	8870
3300	1374	5796	7264	3188
7101	1529	5834	1129	3021
6599	2734	604	3906	7463
3221	2562	2564	2116	351
5223	6731	8924	5900	1323
7569	1657	8745	3460	2058
5605	4122	5320	4789	4916
3925	488	272	1257	1028
1830	300	1969	6766	7099
3789	3956	2626	5016	7331
6532	2336	9621	4465	8138
5574	4247	3367	5944	7654
7170	9472	6734	5183	7947
7572	7246	2764	4496	987
7118	3498	8504	3889	3619
2194	9815	8227	3712	9501
7667	5993	7615	8445	1936
3730	3744	6220	7171	2482
3802	3595	8231	3231	5304
1494	5455	5838	5701	5987
122	3399	119	7750	130
3691	508	8444	2957	6163
4445	8533	7365	8077	9747
3624	7609	3643	8356	6423
466	3241	285	649	144
9450	57	7156	3758	7963
8214	8732	8426	6907	277
1332	7883	9078	4793	8044
3056	939	2609	7531	8704
4939	7556	3379	4623	607
409	1910	9059	6808	615
2919	3602	4082	9205	6893
9146	8793	5300	6481	8740
7755	5708	4219	251	4872
1861	2612	7039	1654	7634
3628	701	2949	6012	6137
1035	4241	1260	5720	3574
4980	7209	467	530	4396
2790	7584	7623	220	5698
1506	4028	5213	7492	854
5131	7002	2567	5541	7227
1876	1369	3201	2373	2985
5955	5108	5675	8761	9113
1348	8834	8415	6656	2179
2789	2003	1868	3506	2623
2357	7204	8939	6797	4108
495	9052	5845	4192	5905
6554	2558	3868	1252	8841
1329	1293	3380	2018	6908
8906	4228	1247	1772	1809
6789	9557	1130	4535	7870
6820	2885	757	8222	286
5450	3937	7204	2931	290
2529	3342	5937	2021	7164
7729	2965	7912	8046	9262
7895	9206	2892	8681	5685
2605	5241	2470	4083	7588
7837	2577	9747	6842	3490
672	1587	5085	9169	1733
35	6235	5392	9975	6598
6502	4320	2599	9334	6142
2158	1256	9193	7889	5144
6532	5822	9752	4195	7752
389	2349	8553	6556	841
6563	6174	9285	8980	972
4428	1927	244	6731	7302
3114	8780	4176	4248	1553
2686	7747	3263	4020	9011
180	4747	8083	3037	8738
3099	7408	3581	6338	8135
6682	1411	9056	1322	3209
3875	2471	9120	5833	3569
3945	9506	1566	2718	9435
4566	1717	6739	4508	4805
8587	7435	905	3117	790
1734	5463	9774	5974	1056
8469	4401	6790	876	6003
2650	5109	1717	5292	2380
8498	8860	4960	6642	677
6978	9768	2505	8143	5170
6904	1893	6971	2480	564
5027	7657	5013	5379	1027
6345	6340	7086	1264	7428
9104	681	303	9456	7082
9550	138	2981	8656	5380
746	290	3907	8287	8950
9535	9378	132	253	2197
4388	4897	2268	1896	1846
9001	2496	6988	7041	9739
8060	329	5317	6171	2236
3502	3800	4755	1410	7629
5118	193	67	3752	9480
7473	1527	3945	6070	6625
894	6394	7868	6801	1374
6643	110	6738	2933	3791
2682	3080	1993	2172	4720
6386	9651	4759	1783	9665
7666	4978	2234	4872	7987
3052	4289	991	2667	71
3746	8570	3759	315	9618
3240	1271	2984	2351	8351
1272	1912	8464	7255	5262
4160	8055	3467	9161	3218
8063	7933	7584	2736	9020
773	452	1446	7972	2031
9353	8608	7834	708	7021
7501	3352	5728	2452	5522
1948	4671	9045	6169	8799
6336	4872	8781	1537	4300
9087	5648	9236	1320	6859
9590	5347	2738	4459	9268
4557	6857	1374	1905	2631
490	6089	4257	7527	5623
6067	7606	9356	4473	8180
2463	634	9589	2677	5930
8339	2397	6627	4825	1575
4295	3696	2501	6400	5562
6869	8143	5258	2527	9409
2430	4509	7857	1670	7445
7002	5505	28	4731	7503
6503	4110	8186	1096	713
7931	1202	8938	5441	1074
5908	6526	5887	4491	8622
3389	1128	9547	1536	6524
3038	8914	9677	3142	6233
6035	2455	1245	2158	9737
6869	7365	4265	6458	1017
832	7773	7566	6922	3409
8565	7876	3054	2847	264
2509	6454	8297	6742	6659
7589	9637	5858	5106	7508
9096	1950	8181	7968	3740
6884	2758	2615	7757	3048
2877	9720	1273	8092	1753
6024	2087	6595	7534	9577
7063	2062	5607	2866	6369
7299	240	4972	6801	5048
5081	9307	7080	6843	3917
990	4873	4873	7247	4891
6514	4245	7166	3966	1048
9041	3753	9374	6335	5932
4604	5639	6458	9864	3552
1871	6568	5511	8459	5433
7102	2858	3588	1780	2913
5628	7162	8895	1657	244
2694	7960	9682	1664	1148
9880	2326	2219	4920	8411
4618	3886	5751	65	9014
5208	1800	7246	9851	5523
2449	3408	1266	6069	607
2619	4045	613	6407	9674
1970	5965	9669	8640	7347
5296	7355	1990	8732	8658
8730	6603	1407	9114	1379
7419	5463	8605	8117	1631
3636	2484	9626	3677	911
4494	4083	1046	8503	8316
80	1829	5937	8986	1644
5857	8396	5914	2158	7540
8636	5430	8371	2836	6605
1230	23	6035	2902	3239
8770	6004	9018	7640	2387
3085	7344	2550	6987	8850
6746	89	2525	1579	9800
9436	131	5769	2366	4058
2277	1215	4265	7321	5629
2665	5129	8431	5360	8431
2955	2494	8692	9216	1853
5153	8599	5127	7068	4058
7891	7104	7686	1458	2587
6252	7349	272	1432	1817
5468	9447	4125	6452	9418
5180	8864	4278	3346	6908
745	8388	5516	9152	4572
4146	2755	898	9462	7053
7212	5622	3765	8852	7271
5653	5250	88	721	519
2786	7242	8253	8771	9696
2645	3138	661	8183	9527
5381	3028	2702	8325	1879
5109	9367	9135	7027	1108
6022	8433	610	4850	2944
2522	3262	9805	3391	3817
5803	5953	785	9456	5558
5090	7679	9779	9767	427
7861	2544	5896	9137	7619
5651	5914	847	227	5574
9983	9661	7660	3260	4781
8382	9252	8758	7721	968
5694	5329	1711	5963	431
3975	4506	9034	5557	5421
9788	8788	682	1831	5127
2482	5321	7286	8390	3286
9491	1947	6041	4065	2924
751	7549	3219	1438	2377
1119	1625	6004	5011	7000
1608	551	4571	7252	5947
9601	5005	8693	6543	503
6805	5261	8090	3095	9212
3654	9962	389	5462	1346
9200	1913	6216	1404	8752
5707	9118	989	719	709
3835	1839	360	7336	6975
5581	9855	3818	4875	1547
2259	1910	616	3323	261
7476	6238	7187	5484	6807
5972	3073	389	4480	6707
3214	3612	5259	2731	5587
2375	9879	1564	2832	84
9750	3822	3901	6465	5025
5449	9966	9967	7809	8898
7565	6176	7865	1402	6872
4445	715	256	7385	3721
9171	7399	5245	8194	6445
9679	7198	292	5735	26
6976	6944	24	9251	8446
291	4541	6950	2544	3155
9358	4079	4541	8168	1179
7112	1984	3363	328	3374
8399	392	525	1947	2150
6323	9802	9572	931	9294
5835	2021	7504	2531	3907
8597	4948	3419	9074	6686
2787	5417	7926	2840	1041
4638	1399	625	9074	8414
899	8327	1076	1476	9258
7397	2919	6937	9954	3777
6969	9065	6808	384	6672
455	8589	9583	3377	6135
5258	2952	9571	5114	7567
8183	1379	5787	2559	920
2285	4593	9581	8532	3545
5079	985	36	9604	6024
2496	6493	4012	7214	4081
1175	1387	896	8473	4391
1974	399	9336	9234	1224
1803	8791	6847	7335	1887
4492	989	4139	9929	7168
3809	4929	3086	5110	9222
8903	5384	4507	6865	9059
1022	9012	8937	4219	8278
7645	1485	1244	7656	1382
2819	5778	2010	6845	9983
522	4961	2426	7329	9588
3890	4715	1671	4384	4461
2510	7727	3711	131	7832
1436	4673	5430	7680	8341
2347	8067	7443	8564	7145
4645	883	2189	1084	868
5824	1050	5234	2027	3947
4769	2730	7411	7382	1674
2958	6984	7814	7680	5293
7328	4924	8928	4784	2924
4865	9912	5207	3018	2622
8140	4493	6579	8658	1747
6409	4956	6952	9498	4273
2197	5102	7748	7440	5739
1552	7853	451	5315	4537
2230	8568	3650	2925	5594
1496	9766	9215	8968	7530
574	9192	898	6812	1865
2240	7407	3099	3357	294
1817	4063	7124	8430	1879
8349	9790	6807	3541	2698
5674	514	8947	7897	655
2837	3359	2850	453	3228
488	1785	1729	7530	9551
8815	528	892	6378	6616
1212	4070	5916	5459	5792
6628	6634	4568	2325	6094
3837	116	1195	2910	2250
6366	9146	2519	5970	2471
72	9791	858	7006	7727
2036	2293	8695	4928	9932
4270	480	9367	2072	9165
2324	3677	8050	3462	9590
5700	9765	5934	7576	2844
9169	1645	733	8510	6577
7629	9703	920	8065	973
8150	9016	7072	6836	5913
4878	2214	9563	6089	7221
928	1747	722	3229	1872
5149	8326	5855	2394	7941
3118	1980	5520	6057	865
1401	3911	1076	9382	317
753	8117	9986	65	4445
6213	7311	3603	1086	829
9939	3140	3458	5034	6506
5564	174	8006	6841	8386
1068	2095	6801	3291	2347
4304	22	368	1536	7132
6753	1657	8180	9714	672
7464	5180	1694	5839	7554
6685	28	6300	1472	4128
3137	92	8627	3400	7527
5441	392	3825	3587	6393
8637	9927	2410	7416	9280
5147	4833	5365	7490	1033
6474	614	4115	1399	8767
2029	8406	1992	1187	4399
4894	4432	2782	4357	916
154	7298	7566	4107	8559
9029	2127	1194	1277	1600
7986	3988	5334	2231	8965
1446	8748	5596	2337	3416
3550	6242	1923	9899	8647
8854	3474	5925	6372	7539
1504	855	6050	2561	9342
5937	9268	6172	8855	4940
4844	3434	3388	3633	5085
8937	3460	8602	5354	1632
1435	9587	1749	2415	1239
1833	1108	6242	5186	6390
8920	2170	4138	1221	9358
7460	968	5966	7631	6866
4473	5466	6436	6919	8380
6133	888	9665	5665	7786
1226	6299	7582	5341	6303
8712	5229	9784	519	1758
1830	3053	2125	8518	1
4776	937	4560	1883	3922
8682	5712	2573	3702	1405
7674	8469	6334	4854	4661
7835	4723	9646	3320	6346
2138	8217	5581	740	6493
4219	582	5957	2913	1696
9619	1529	3459	5674	4401
4222	1520	1061	6605	7131
408	559	1282	7495	6468
4100	1228	2893	7602	2408
3617	522	1597	3522	5461
3601	6359	3076	9171	1326
9538	8829	4063	960	1146
8531	6381	7448	7101	337
7594	4035	306	6235	8025
4641	698	8781	8128	9762
24	2810	3313	2377	4743
9094	5007	9414	4283	4775
1449	1004	6127	4817	2903
2791	4615	9475	5624	9969
3527	4548	415	8025	6683
1034	1952	92	7361	8199
706	4559	970	8249	9041
8921	671	8326	3424	8289
3080	1484	6319	8980	6830
9492	1041	3284	893	9202
1183	4317	6083	17	8140
730	7947	6981	2128	6889
5240	6999	8485	5090	7390
6131	4497	104	7168	1508
6225	3938	6553	6679	8310
5794	6888	7967	5468	9940
5982	1284	6426	1043	9701
5482	9193	4898	9814	3417
7918	141	8473	5075	8438
6711	6997	5836	9019	6626
9396	8527	2257	1103	5536
3262	5189	8969	149	3996
9817	7006	8335	4968	922
4430	8492	7311	8656	4303
373	5963	5097	3027	6556
8722	9880	741	3366	2717
8736	6876	8093	9215	9845
4937	9711	5543	8252	989
5276	8163	1712	7893	2987
2331	840	4921	5636	3151
4192	3622	4049	3834	3377
5822	9824	9530	6046	6763
4311	9084	8163	5773	4706
9237	5107	1788	747	1612
4801	1628	6610	1203	3453
2201	8777	5747	7548	6402
2458	9768	9637	7886	8628
7993	2548	4700	1168	1237
9437	57	7626	8485	6246
828	9527	8135	1883	4251
8992	9432	5692	8093	3583
9094	7553	376	8236	8151
1590	9972	627	2129	8387
2075	1964	3468	975	9171
2902	7713	5080	9823	1491
5939	2702	2016	127	1559
5403	8356	3398	4661	2214
75	5083	7448	4329	9982
903	9769	3854	2848	4859
9165	5941	9439	8366	4057
7225	1443	6674	4882	770
5533	9799	6985	5264	651
9506	5703	8598	2581	5638
7728	2240	4507	2824	6295
689	9480	5740	9271	9706
1322	4436	4205	6055	3375
3577	3416	4957	3842	9735
5143	5425	6307	6492	8853
7435	6707	3882	127	2179
8219	3144	6891	4769	2140
7529	3081	1295	1881	5877
2673	399	9492	563	4766
7758	5150	8752	5625	5655
5734	4363	2293	231	226
6502	3651	4201	1929	1832
6255	3617	7289	1777	3806
8830	6122	649	1535	7172
6047	9608	5947	8601	1730
1927	5761	7274	3514	269
5575	8409	5390	5721	807
2770	6057	7518	2401	2782
3502	5414	2765	2207	1167
9714	5873	5684	1036	5746
5325	9010	5972	4350	7432
7670	1884	1573	468	4089
9952	2888	1181	3890	8943
6451	6569	2161	2161	8905
4151	2112	3463	5667	4716
1557	3599	8747	3168	1742
3744	4059	9652	2768	8392
4999	2609	7479	3475	5788
7383	2751	9643	5959	7966
5152	7614	8782	3112	3821
4855	873	7282	1495	3538
9103	1424	993	4277	595
2145	3096	2123	1134	9241
7534	9233	4654	2722	1254
2198	2820	4717	4213	7364
1524	6567	1095	2148	1463
4394	9461	510	3076	779
7960	1118	9240	7008	1601
4773	2485	9478	6885	9559
9658	6515	9580	9536	3480
6877	9143	6450	703	5214
594	136	9421	27	6036
9203	6201	927	9979	6877
4953	1573	5819	3766	5600
1840	8069	8416	8716	3989
5284	8123	8938	5765	246
7924	7538	1775	5082	4492
7948	1935	1042	2702	1217
6548	7050	1411	6119	4378
8326	7904	8550	7113	7516
9140	9226	5268	6398	3955
8649	3714	114	7666	8194
2790	6904	9279	8636	9689
5022	5619	1549	7832	5589
7490	31	6294	9651	378
6899	2775	3640	8258	2242
9979	476	1532	2644	9070
1993	5989	7409	4060	8632
5918	4424	9204	8634	2230
5879	2423	238	4410	6651
5833	6390	2704	1757	7793
5584	8167	5375	8944	7228
3912	2970	2291	9761	4926
539	5597	8887	7980	3338
4796	3167	4210	4343	4875
5773	5338	335	5817	2711
9324	9720	3385	7325	2254
9722	6986	2994	8003	6025
7476	8258	156	2796	8722
4167	9282	3937	4554	1358
8310	6186	1984	6701	4336
7020	325	725	4966	1457
5982	1450	9944	8268	9173
6312	1517	4270	8642	3309
2056	6253	6688	1008	4315
2786	8827	5583	8563	5012
7940	2651	6574	2628	3567
2203	2297	3803	6284	5118
1769	8457	490	7974	9722
9628	6984	3243	5542	844
4299	6003	9509	5378	6064
4233	7932	5779	805	633
3352	9967	1873	6721	1255
724	1721	8553	4523	9577
9831	5331	4661	1808	6681
1218	2968	805	5727	5636
7721	3973	3181	7016	5082
8853	6008	1564	8524	3245
5848	6007	9401	9352	4720
7618	9475	2112	6504	7907
2411	2769	4369	1468	3414
883	3238	678	1147	5560
2885	7133	1931	4974	6882
7806	2537	9476	767	6964
8419	5273	8	9820	4721
4635	2397	1309	4710	3963
3419	1989	1880	3916	4405
2107	5391	1995	7330	9031
3680	4851	1706	9472	1063
2947	6195	2149	71	7143
6592	5928	9593	4869	2752
3814	2651	4494	5458	1641
4725	4822	7070	7180	4552
9307	3544	281	1052	4959
2306	1600	3549	5796	2653
7358	7409	5628	3679	5847
393	7522	7468	4018	7633
5635	8914	9800	4237	6143
580	5371	2458	4876	6698
9732	9724	8258	285	4633
2608	1864	5870	6046	5927
7760	6166	7031	8149	267
9481	7672	1526	9276	1404
1076	3782	2885	1108	6666
3291	5210	7353	7428	5812
257	2882	1362	5606	9625
6511	4956	8624	1701	4898
178	3226	1530	9866	3694
7133	9761	7544	2029	1850
6712	3233	5747	1683	8864
6501	2207	828	4615	1767
8	112	4302	3974	9215
4268	2733	623	5221	4451
3751	9538	7700	9002	4770
7547	2210	5876	2007	6464
4132	7319	8881	926	6275
763	5323	4853	3311	9860
5170	2399	4936	6606	7638
5661	886	2190	9181	1707
4683	5603	326	8956	9999
6785	2787	837	9981	2751
5016	1709	8913	9229	155
4892	3123	2195	7670	9357
1417	7278	286	8853	823
1174	4211	7258	9140	1705
7334	7032	3049	9477	678
5455	9322	4151	8470	9456
5981	2121	5258	990	1712
914	3237	7477	4405	7126
717	8313	5329	9494	1388
7270	9482	4854	3705	3920
2161	8368	1896	9858	8095
3342	1138	6067	9207	2946
8423	4419	1176	4232	6049
1578	351	2071	6407	8084
8803	868	1137	9480	7798
119	9352	770	4415	8145
2414	8625	4396	7675	6253
8473	3461	2923	4504	3834
3364	9661	9614	1710	8533
6195	947	2599	3818	651
2778	8414	458	2432	3816
8074	2898	1497	64	3229
8471	3497	2700	6953	9576
1697	8068	9868	9303	1347
5861	3520	5843	2079	1083
5301	5653	4869	9381	3767
3092	1613	1051	8047	5020
1868	3893	8076	1848	9131
6611	3483	1138	7791	5882
2165	783	338	88	9723
1914	4404	6431	6859	4564
5583	8760	9740	3850	3727
9012	4478	5301	8666	1027
7283	4511	2935	5017	8431
7549	4494	9904	2722	2063
2130	8998	5381	6159	832
9760	3167	1819	7888	937
1378	9868	6964	6640	4127
3675	2059	4508	9098	8261
4824	4216	4539	2014	6069
1499	9011	2816	3621	6568
4395	686	3847	9805	941
1248	3738	3701	5218	7795
2031	1469	221	1886	7585
8797	5688	8345	5795	5480
6703	9659	8559	8484	6296
3662	6432	9210	8472	1799
253	4766	1422	4365	6839
6166	5958	9994	4601	6708
9513	3671	5235	9252	2284
7226	135	2333	1711	4581
1509	9545	8926	7801	6280
4079	4824	107	317	564
2384	8410	3456	8295	6934
8824	2718	7143	7622	5055
1313	2021	8858	5329	662
7256	4674	7675	9769	6074
8162	7551	1784	6531	9060
1849	2443	3798	2671	3588
4351	7696	6677	9744	916
5197	5867	7463	794	5773
8497	7627	5487	2033	8062
6794	9891	9294	2912	4122
7334	6585	1705	7190	1144
6032	804	9567	5566	5706
7600	9095	3778	5895	9616
3413	2759	4777	3296	4133
2914	763	3526	345	9757
3131	91	885	9731	7593
1233	5372	1056	8029	5939
3854	5854	3357	478	4816
2606	4571	2832	8071	3877
5801	9627	5493	3372	219
4714	2805	635	5122	2309
4723	1309	5256	2996	1281
5620	9115	281	5479	5685
3419	8429	3223	949	606
7074	4103	2248	5168	5390
6355	1184	1794	4079	1316
1637	117	5191	8553	1688
1224	9893	2645	3976	8860
5382	9454	2742	3268	8365
7915	8063	7685	736	8127
9094	6104	1604	1694	4925
5970	5957	6804	9359	3639
2667	6839	3964	6485	7990
1169	6820	8237	2569	3867
751	4685	571	6667	462
8171	4289	5527	4924	3585
6917	3547	6762	5572	8759
1878	6081	1634	4580	7066
7405	2412	4728	695	7814
9313	7145	8347	3149	1834
466	2076	6257	6990	2570
5749	7775	2181	6029	5134
8940	2352	6293	7830	9399
3782	3705	6420	898	1665
6693	7634	3897	2145	4434
371	6043	3603	5844	7983
4896	5637	9894	292	9756
2761	1025	8449	8860	6317
4732	7351	638	5958	3061
8420	5798	1390	7399	7582
8846	807	705	486	9618
188	7930	2345	9158	9564
666	1089	5721	6186	7339
8408	1898	31	5595	8836
8683	4902	5112	3801	9273
6800	5478	9665	6630	6765
6066	354	1585	4075	3067
858	8623	6842	8605	768
4833	4138	2550	6516	4799
5867	3635	6975	4445	8235
8513	7510	967	7940	4366
25	7441	2684	8058	4797
4815	459	5734	8181	8056
9453	4296	9759	907	8558
1234	9065	107	8431	9481
8348	2388	6590	6939	3293
64	6911	5179	3269	8560
1942	4831	4121	3853	7702
1702	7039	6146	1344	4089
2837	4663	6939	1458	9424
6957	5795	4624	4442	5743
8367	6673	7998	4716	6704
795	4490	720	2461	1335
8879	729	4525	3928	5391
6702	9998	4322	7885	3708
9547	9474	4830	9496	1547
7837	1610	9629	9230	7646
5586	3799	5314	8762	6758
397	3560	4277	3319	1141
1673	2908	2550	7807	9002
3957	2190	2311	4997	6270
9206	4844	5162	6672	7924
4712	5689	3505	8545	3612
1815	5167	2138	3633	8793
2622	6032	839	5587	2366
3402	6339	4558	6131	682
2499	6699	8903	9321	2951
6042	4291	5716	455	732
7285	8088	7810	8120	312
6272	139	3579	6889	9810
2428	7666	4640	309	9545
8877	2813	1929	2353	6510
8366	1715	6065	1888	5942
9958	5382	961	1316	6984
5001	7365	9306	1361	6257
7227	3787	4737	3112	5718
2485	1741	4283	716	7475
4989	4911	6534	9926	8928
6350	8839	1258	9646	7981
2197	802	7892	3102	4800
8186	7948	6979	4036	9178
3144	7484	9295	9469	1573
3635	1936	6878	9285	8174
5568	6202	9912	1005	9741
7538	9671	2621	3353	3912
5639	2916	4229	8019	68
5199	2632	1459	8808	733
6074	7387	5624	4445	7556
6828	3512	7643	8579	8876
318	6414	1271	2483	7773
8005	6570	2451	2954	1553
8692	8410	9427	6227	9230
3951	2444	7629	5314	7088
5314	8344	9233	5887	5753
501	2207	3092	9098	9654
8003	8921	8654	4246	1511
8810	3508	7217	341	8157
7897	2446	1310	4042	4129
2075	4733	6248	1113	8398
4645	5955	6687	8503	5370
1646	2414	4359	6565	749
6091	640	1266	2316	5022
6305	7018	3109	2656	8667
390	8575	8559	2382	9327
1916	9515	9452	3838	1882
9335	727	3142	9420	3063
930	9111	3049	1878	9959
9146	2111	1239	2534	8878
930	8166	836	5911	2571
785	416	5642	2010	3224
205	1087	2869	5432	7308
5608	6478	6731	1966	4144
9504	13	3007	1335	1732
494	7159	4390	6419	234
6470	2613	8026	7620	1897
1998	1642	3700	1097	4543
6988	8511	6320	8981	4027
6613	9826	3048	768	1017
4561	6828	7944	2521	2139
4504	8225	5142	1499	7526
7227	4583	2700	4475	5218
4415	121	4147	9366	6771
8031	4016	2366	9721	1414
6216	1494	1580	625	9672
2613	9790	6625	5380	7374
5949	9489	6938	4917	1151
7493	6587	360	1045	247
5674	2129	2674	8456	1329
9925	1385	5026	4394	4615
5778	7039	3540	7414	1679
1054	7995	8131	358	1406
2826	3524	9053	199	9598
7910	5494	9955	7584	4498
9911	1067	6749	662	4927
8993	9742	737	9154	7378
1701	3039	1798	4856	4554
1638	6962	2426	8182	8439
9081	6700	9980	8820	441
1656	75	341	9823	3980
6001	7605	3992	438	1949
1463	6338	3991	8444	1543
1628	4419	6473	4946	4619
2268	6891	6989	218	1784
8515	3071	9724	646	6934
612	1599	1263	2822	7825
1686	2773	9221	1786	1880
4274	6072	3287	4329	7723
9969	4120	5993	4335	102
380	1368	407	8660	1521
8791	9869	5038	7364	1682
9915	6654	6591	4478	7626
1970	746	2463	7742	9178
4156	3637	1063	7591	4121
9518	5334	3336	2017	6557
8405	7055	6602	7116	6666
3857	5257	6229	6440	8885
2029	3512	8954	176	5570
4230	7932	954	3209	9985
7089	4734	2009	34	7749
2827	3516	3277	5264	7124
1686	8768	2871	5444	3797
6144	3337	3659	9292	7987
8978	4382	575	5711	1468
7360	4294	1534	8909	8225
6519	5385	4940	2764	110
9677	242	7282	562	4503
590	5771	7850	300	1379
4181	541	3775	1539	7203
3467	7663	9234	3992	5043
5681	1768	7701	8196	1442
7852	6700	2806	8600	9139
2010	7402	8898	4477	9729
3670	8926	671	7912	9614
6523	5393	6532	9424	9393
1325	3298	17	5937	6228
3292	6262	1253	7623	857
4191	5285	3908	180	9960
3319	3533	7799	6417	9320
6270	2189	5694	1008	1736
8644	9485	4000	9628	3427
7418	554	1255	2505	9386
6698	3955	4587	3848	7798
7238	1844	3328	5865	3961
7765	8396	4950	6610	7470
2499	8298	503	5579	938
5602	3544	4190	3221	4913
2131	1181	6875	4459	2781
8034	4066	7156	2636	2947
8859	613	2082	3014	3616
7593	373	1226	5746	8493
7176	9739	5928	425	7645
6625	1454	8992	516	4055
3340	8892	4537	3529	7904
3876	6826	3728	8229	3622
1342	4017	9260	1312	3221
8724	6405	4211	1969	1473
5635	7622	3726	7868	5304
740	7755	9016	5659	8337
1316	3710	5733	4069	7894
220	9670	9454	6396	2969
3925	1430	9288	676	2205
9823	9686	4715	8547	9912
2690	362	102	8512	9151
6313	620	645	5047	7580
8045	5211	901	7084	4013
6876	2221	2474	8968	9807
1961	8941	5654	6179	5525
3667	5613	3999	7585	7183
8761	4767	1445	5072	4593
7497	8368	3522	2767	2138
5266	1531	1112	1498	4147
8088	7382	9346	9366	9947
1720	722	4057	2513	6265
4933	3169	3666	2136	7324
8393	8120	5877	6577	4345
6556	6241	3929	1776	843
5036	1456	4940	3291	7033
5779	7560	9618	8015	8069
1283	5092	7276	5840	5967
9785	7810	2855	4694	7789
2295	7539	1812	133	9181
1476	5838	5805	9131	2414
7729	6666	9184	8277	1994
1847	3256	2902	6923	899
6709	1385	2331	1251	5462
158	8119	1074	7738	5169
1877	8136	809	9685	6606
3879	6389	9464	2532	7116
1817	4332	9438	1333	6766
1804	2592	5859	5670	381
3430	3522	1464	9483	4006
2645	5708	972	4950	9161
3193	2995	9524	1622	2898
3119	4352	7952	9851	547
7348	6749	7019	3511	8461
6673	2573	3738	4082	5111
6613	8821	6166	4507	8996
7965	3259	2537	9544	8530
9749	1379	1520	7940	1764
2523	7097	9223	3440	5600
8357	2499	1391	9876	3904
8490	697	8975	9649	9673
7653	9201	9891	5532	1459
6392	8366	7424	6148	1858
2945	7105	8211	3687	6724
9766	2325	4522	6815	4849
5943	8965	2395	633	5372
5374	6808	782	6736	1476
7592	7201	7830	9727	157
2569	5064	995	9605	8334
2151	1514	6190	4466	5125
4711	1122	9143	5536	6305
3095	2509	6188	9739	1464
6185	7013	8103	3580	9747
8471	347	5080	1287	3694
1198	546	7894	4017	9568
1258	2525	4817	8146	2655
3054	17	7823	3282	391
5355	2601	7054	1688	4314
9890	5380	8077	3481	6046
9040	9176	4418	8317	3209
6742	3671	8868	7150	1843
1865	9286	8877	8051	6054
8107	1050	6707	8145	7596
7307	3151	1921	5327	6120
4295	3457	5448	5409	5557
9049	5523	8273	3247	1886
6916	9465	6640	3062	1342
6589	5881	4829	1709	4423
1227	9749	9776	9727	3700
8524	4819	3419	9757	6154
442	9488	1783	621	8033
7658	7507	4174	680	3311
5751	2020	8187	6105	9703
4528	3253	3612	9165	9718
7991	3772	7335	8287	6779
5430	4226	821	999	8143
7310	2031	6272	9183	7020
5348	9695	1560	8164	9682
7589	8478	8478	3618	1375
4253	3328	4637	8277	4799
6807	2788	6030	1447	862
9766	1970	9366	6169	4283
7167	6574	6943	6817	5106
863	4024	918	4196	8325
7432	7214	6601	9700	9569
3432	4850	4076	5608	3151
3789	8844	2494	67	5061
169	7458	7640	4597	5074
9677	4578	9005	5198	8616
7823	3834	2211	7643	2280
2089	5630	7797	3910	371
9814	4297	4354	546	2804
3826	7646	6883	3080	5345
3524	6272	4497	2304	4309
566	2851	3165	233	334
9336	7770	5375	6898	3184
2334	7923	6314	8637	7688
4395	9141	5838	8622	3758
8062	1614	6110	807	2348
9281	614	3778	9398	9242
4640	3824	369	1701	9427
6726	6139	5659	8211	9996
37	151	4676	8093	3145
6406	3867	7731	436	3070
4784	7664	1690	2898	6519
348	1575	6033	7874	8262
1630	1336	9644	3667	1366
7593	5853	1274	825	6946
163	4675	2854	2164	2656
9893	1901	8972	6301	6214
6638	9898	3398	8244	5063
5676	263	6248	1551	5921
7771	929	8985	6430	6945
5453	7575	4793	2450	9530
4022	1872	1463	3564	4553
5882	5287	9284	8667	7821
5267	7577	7393	8270	3380
5258	999	3187	9900	9075
2872	6326	749	5479	5973
3923	3821	8878	379	630
6976	2680	6740	4708	179
2707	3335	7534	3359	5355
5656	7826	4703	9599	960
1578	8299	3263	9079	5186
7437	2121	2522	7774	6124
3310	8485	8788	1333	6180
4565	9827	9029	7057	5774
7021	6283	8858	5069	4207
6824	6172	1273	9257	3175
7722	5516	243	5248	3936
7751	6802	2782	8646	9223
7906	2664	5990	1655	8437
3393	3004	997	47	742
5647	5574	189	4062	6058
3651	6777	846	8015	4629
8032	2805	9663	9318	9057
4455	7078	3552	8872	118
2243	9788	2173	5043	8431
165	119	9858	6139	5714
7759	9076	4031	2171	8644
1550	6331	2324	3105	6795
6359	6085	9041	5809	1511
6025	7637	9634	6108	9367
3118	7285	8392	2904	8093
1042	9804	3582	5479	2097
8573	4759	1358	8872	7773
9581	4654	580	7848	9951
233	5220	6855	4641	1984
8400	7611	2911	7092	8532
9539	639	9760	4257	1762
4844	1476	9757	6676	9437
6640	9314	5636	6149	872
7081	5268	6280	5566	6093
155	4580	1803	3909	33
1007	1834	1406	7503	7252
1629	4109	8486	2886	5829
9183	6469	3591	9505	7135
2577	1380	9580	9501	100
210	8196	4267	6643	3777
4421	2039	7291	8088	2003
3859	4264	9181	308	5578
431	6214	7847	5100	481
8150	1647	7552	6883	2988
5421	5774	4680	6429	9241
4135	8569	1553	7506	1570
9973	7167	6781	5451	6884
4904	5384	5503	9951	4091
8629	640	7	9936	6166
9600	5126	7029	4549	8396
131	1868	8633	9311	9849
8744	7054	5613	2069	7679
1751	4374	9714	9000	7615
1516	8458	5293	4751	1411
7493	9104	5518	378	3831
2135	9735	3689	9941	6378
5856	5089	8739	1293	8705
8630	9341	1274	8834	9411
3622	433	2971	6866	9789
6805	9349	8607	7211	481
1052	9939	8534	452	7554
9341	8724	6373	7243	6593
8238	282	4359	8110	2102
8734	8605	4436	1724	8533
1416	9065	6956	2384	6921
8732	2367	5545	3424	8851
83	1638	9818	1426	5481
2695	2635	93	853	4052
4144	5348	4661	1809	7317
7167	190	7183	7045	1292
9688	8507	2834	6112	563
4605	4650	6642	9028	5928
4434	460	9538	3113	4753
9597	1227	1348	2856	6224
2462	8936	4973	8182	4773
9305	5957	2902	5569	5703
5811	1906	5032	1066	2837
6011	3215	4958	6550	6407
4793	8640	261	8449	1472
2851	6290	380	9168	6122
2809	3920	616	7407	471
6119	8377	9357	2893	4612
8448	6570	7386	191	5237
9060	3157	3868	305	8468
4330	5238	270	4160	7951
523	8517	1018	4437	3107
6173	52	3026	3179	4470
5183	1057	4664	216	7387
5681	2824	9171	5100	7656
6092	8009	2337	3763	3625
4696	1682	798	816	3396
9753	106	825	5448	7969
8250	4165	2083	5238	4770
4425	8472	5339	7042	5127
5667	5698	6703	4030	7627
2107	6765	6570	9149	7216
4499	5409	8526	4823	4727
8198	1493	6918	5770	6517
9099	9733	8287	4121	1303
6979	1471	1473	54	7899
3244	601	9670	3488	2028
5525	7826	1736	9536	8259
8090	3106	4067	1216	4968
4471	8245	7142	2597	416
5829	220	1733	5797	4300
2881	8617	3850	840	8862
8190	177	2175	771	8376
3709	7771	1528	1176	2153
263	9063	5444	4799	3508
7611	5581	6741	4649	8116
2440	6758	616	3564	9462
6987	7425	1477	4769	4969
6530	3865	4482	5394	2027
8463	7920	8311	9680	2394
7898	9088	6118	2877	2797
39	2806	5595	672	5459
6220	4142	1310	1824	8432
1547	3633	2501	6375	4961
8448	3580	3952	5213	2551
9019	7390	8695	9196	4125
9813	9358	303	2412	7928
8806	9727	6718	193	6712
9154	4007	4087	1149	7519
7611	1362	8639	8718	6324
1416	8222	7430	868	6324
8970	8375	1997	7563	2998
9993	8230	4217	7551	7977
7894	6133	3708	4615	9799
2242	9200	162	7759	1667
9639	703	1230	6834	4827
9977	2183	6388	2260	130
5983	1731	3870	5509	5241
4916	2914	9160	8893	967
5600	5163	7031	2332	7752
2742	2397	6656	9431	6453
3370	517	651	1762	135
7363	4574	8726	3726	3439
445	2873	6902	4365	7042
7676	7140	5883	5832	8862
1105	6814	1908	5282	7483
5535	2092	5582	2892	6748
4844	8255	980	3331	5810
5157	274	9634	5370	5157
8850	4941	3554	3390	3695
2840	2279	7714	1465	1420
9074	7474	106	4353	2379
3026	5826	6072	5689	6799
4724	811	1254	9500	8234
1614	8960	2706	2323	554
6894	6823	3904	9560	6021
8019	7645	7740	8147	5313
1742	4897	7832	5676	7144
860	7813	1112	3620	4567
9954	8877	4937	8618	818
234	8249	5215	976	3622
5620	3815	9937	7658	2857
9972	6116	5617	8978	6750
6562	9883	8544	6455	7217
6025	8626	2225	6796	164
3870	1836	8361	6953	5110
6648	8631	4346	7416	2481
783	2128	9151	3826	4416
7380	6039	5188	2183	1754
119	8159	6703	4053	8888
168	611	1311	854	3273
4355	2307	3170	9380	9825
9671	9453	9342	3705	8121
8350	6903	9935	6074	2442
3464	6737	1792	6752	5739
1722	7244	7318	8192	6217
1875	9218	8918	8132	8024
1469	8329	3162	8572	1153
6570	4951	9504	2545	6167
3367	8377	2186	8402	7442
3278	6425	201	5118	2233
5961	1538	2984	5719	7738
26	3785	4468	8726	3430
9736	2233	8753	141	8326
1300	5897	4318	320	930
8218	6869	6483	3120	3295
90	2984	1227	1121	413
1825	6383	1967	7202	6432
6135	8037	9311	6933	3855
6190	3534	9057	9227	6782
7550	8977	7051	6474	3265
7295	6949	4268	3930	9395
9916	1951	3634	8590	6128
1414	145	5007	4150	1451
4578	3690	4529	5769	184
804	7069	5279	7840	86
2767	6567	2388	436	3602
4968	5391	3368	792	2891
1239	6776	2238	9275	4434
5353	5537	8871	2080	1923
1262	7297	2653	1577	4997
5838	4222	7740	7031	3382
6288	9372	208	4200	474
3205	2996	9766	9200	6332
1346	2900	4584	870	5434
2953	6342	170	4371	7396
778	1003	4040	2553	7829
4464	9392	9511	4926	8034
3707	3265	2186	2168	4275
880	2549	114	9461	9047
8694	6499	4626	9509	2766
2441	3855	5583	5908	4871
1157	4421	5886	3034	7473