-3241726	3279006	4163532	4763521	-3889426
-2642102	-4718216	3630037	-1308810	3126515
4495619	4920393	-4257534	-2084165	-1133799
-4213400	-4588023	2024211	-2561188	-1515879
-768099	-965379	2493864	-1799821	-2225078
-974976	1151431	-2811436	-3765886	-1641434
592805	2597955	-3532878	-3895804	-4154940
3191564	-704840	3283630	-3062363	-2121118
3875988	2344682	3475943	4157337	2232855
-3028032	-3538360	1129324	4563467	4075039
-1633583	3414884	-2263817	4259525	3463091
-54160	2491203	-1050855	91850	-4843569
-205474	1964884	386167	-3943118	-3825537
-4504194	1308528	-1808711	3265477	1745502
-2878673	-3124197	194205	2618167	-1195421
4169087	-1795288	-2502314	-3105968	4953322
-909573	257555	-316969	2035720	-1780897
-458276	-3949990	-1777478	-801993	2052316
-1052701	-3231949	-1565795	-601108	1002853
-3801407	-560230	-1229744	-2850709	969873
2934011	2801534	-2625635	-1787823	-4331972
-4956591	4791112	-451204	-4859064	-3878038
-4219873	3409973	2598543	3405682	2540089
3709204	1889561	-1328013	-684307	-4611157
3707702	2011896	2203752	1477788	-4993880
2222449	553661	-3198959	-4722145	4862389
4413322	-841984	4160	-4394637	3003797
-3156313	1733276	-623592	2260607	2598568
-2328699	458313	-317057	-2100339	3693075
-1496211	1969713	2449225	-494956	2372434
-1483488	958690	2319678	-427522	-3940714
830448	4304553	861289	2068146	-3112651
-2655468	4396164	4721114	-703216	447547
-1213363	2430066	-2758336	1702617	-1780836
2064716	-3876987	-3119341	-2725658	4403180
-230329	4958459	-1040847	-3868423	-4175614
731554	-4714818	3359540	-3983982	204968
-3475159	-4970872	-637722	-4192828	1676451
-1572872	-3618132	3710203	-2071060	4667188
813740	4283358	489687	-1234146	-930761
-3771758	-740514	3614433	2241406	-4001717
1094677	-3565341	-2652230	2360432	4657286
2234151	3140578	-1747982	1683347	4516355
3595636	2437630	4536447	1029496	2575068
-4453043	-3589454	-4585531	-810949	385605
1312294	-4842395	1877974	-559642	-3886921
1116977	211302	-804590	4218661	-3691983
3715735	3450084	-3050773	-108600	3875383
870271	3635264	-2956550	3741145	-791163
3031179	3264876	-365862	-1271403	-4386916
1146956	-2130428	326180	3755450	1917466
-989801	-1990477	-4856645	3046388	-3446305
-4891940	809829	706175	-4847944	1385979
2657830	-1080752	-1284396	1831099	-4780849
-2099429	-1997979	1779667	-1919497	-3804910
-3902534	-2485408	2158186	-2434361	183205
4348351	-2633707	-2754346	132732	861052
1991814	-4983640	-775882	-388213	-3026139
1447965	4491055	304106	-2713719	-1667114
3577238	-4104962	-1343767	-4614850	3867915
1405337	-307201	2624387	-4213492	1506889
4033562	2995479	-2584952	-4890384	-3847901
-856149	-2860864	-1607859	-2665781	-805947
-688072	3544272	-3513451	1313019	3021147
2983341	-3096182	4119997	-4561564	2195989
1159976	1759322	-308077	4426665	-2631150
885672	-3001265	-575486	-3680359	1897406
-495704	3311305	-4055238	-2930080	1978625
4230392	-1222176	-4669692	-1563392	-3858737
3603026	1416919	2246724	-2295741	-2475586
4194146	48632	3087654	557883	-599116
1274745	861561	-744244	-3754214	-4688927
-3371479	309472	1345987	-2587915	-3907311
4281517	1480161	-2926229	259212	-1268333
1320195	4933883	4595692	4821854	-4421957
365128	1949868	58148	-2081825	821714
3236854	2644150	-1185550	3198414	-2884336
4675950	-2970166	-497897	-2924859	-4167097
-753311	778684	-1206366	-3198095	-2191873
-4736972	2987749	-562798	1445784	4748218
2989569	828130	-793374	2677179	835488
-1155373	346861	589327	-3097533	4559108
-2959711	2880597	4569180	215392	3317123
-1236885	69359	1455999	-4414047	-1160702
-1249911	2698404	-2364475	-3587680	-3676468
-3313242	-3014573	33130	367681	2692275
-1700016	-3374650	3186593	3907337	934290
533445	-1074058	4839532	2375392	-2643726
-2144612	2699851	-513797	-81543	4780342
1199710	3330622	1908951	871559	2619325
-3994413	2721230	4752014	-2841174	4621224
2610383	602758	3687391	-2072214	1553723
-347253	-1575966	559058	755127	2172477
902307	522473	-2867483	539705	3769367
-4322576	-1492248	-4686063	4865956	3805584
-3136988	835706	4402822	-3822734	-1193557
-1818533	2604114	288773	1820991	-3214821
-4842682	281323	134613	-2521702	4730471
-1553752	-1772359	3000762	-160951	-2398180
-3918358	3844890	3292442	3677610	136570
-3068575	663751	84686	-3019128	4984657
1504757	-2043683	2812773	4206031	-1504361
2097511	-2086925	3821152	-2832286	-2292888
2538359	-325274	-2413191	-997787	3218314
1958317	3073526	-967463	1851229	234308
4878000	-1252334	4998863	-4612095	3925417
986437	4803509	-688277	-1353731	-4476172
-1126276	-2897697	880167	4311917	2172250
2350587	-2212219	684922	-944313	-595106
1594284	4013764	3003381	4296385	-730555
-2021919	-4341778	-3691036	3004553	997706
-4228480	-3083844	-2922008	4037197	2351352
-3732770	2036890	-3313023	1435491	-2461515
656384	-2151840	2825721	-1572690	-254172
914892	-1274381	4695265	-4965121	4582866
3423105	3197859	4195204	-3307156	3752701
913631	628679	1328461	-4967483	693047
-1694233	4022362	-772804	-4479266	3955017
-4202174	-986087	-1635470	-4449519	110234
-4818711	-4881496	3255123	-2507333	2823066
4210982	4778075	-414331	1737071	-195466
-1057203	1399574	-1961948	4724398	4184728
2163717	-771515	3897900	2443232	717152
-3361392	-820564	-1187124	4176809	1129879
-1557036	-332919	-950275	4850294	4977809
300678	4329005	549714	33934	-3628825
824499	-4315984	601845	2655151	-2747320
-495710	-4948856	-868044	-3644195	-479295
468706	482700	-3049704	-1266482	-4504807
3837208	4436719	2839796	-2778755	2063838
3150037	-4281424	1586743	2201609	4678853
-66023	4116046	-1898232	3719632	-1958109
-3140150	-3690126	-161875	771994	1714400
3084471	2863895	-1939790	-2634657	-3038956
-388297	-1889792	-32318	-743703	3794505
-3867078	1596717	3968492	-1939912	4636729
3676459	-1647340	-4907527	-2973318	2276926
-3094074	3935975	-2591339	-152842	-2632325
2790032	-3245139	618737	1027583	4163069
-2233583	303536	4228465	1766998	4423431
-4755177	898621	-3034006	-3113605	3330757
-4408449	529737	1251768	4524698	-3556125
-4733261	573406	2739067	-2743131	1145767
1514096	4083200	-4118413	2610352	4248225
-2057579	-1142934	-3614134	2644122	3114391
-277552	4757720	-694129	-4412824	3548261
4790851	-4368888	-3468767	-2014058	4645226
2247670	3540651	-4540432	-1431437	4635027
3924244	-2131165	4141906	-4080804	-2494851
1206104	-4309969	-1134277	962430	-4642088
3551036	93992	-4396664	1995714	-3108378
4480745	-1529847	-2319211	-1840873	-4180335
-2654364	-2835384	2371127	-1374445	1204289
4029732	2585708	-527367	3238252	3092494
1681020	4693382	-3836733	4885387	-995908
-4500400	1914671	-2541332	-1039888	2055677
1343306	-1838221	-4581968	2311783	-2246746
-4830726	-2742375	4846718	-2852277	-796642
1777412	4712065	-2720961	-4378168	-2274831
-2754689	-4946993	1668908	4150480	-174691
-2131193	4572616	-292631	3766387	294873
-1586904	1242591	2681313	-1680398	4457267
4272187	-1712360	3758987	1675204	-974246
-1039118	1177542	-2222699	-3905280	-2307293
215125	4521119	-1921696	7266	3679139
2755313	-3144899	42608	-1590907	636570
-3537487	250942	267198	-1991821	524015
2273551	2004464	-963940	3341992	1128892
2033707	183644	-3543371	-1839798	-4729952
-8111	-1136897	865761	-2794435	-3947415
2181623	-3050464	-2167484	4395278	1509223
-4298846	4374724	-4263015	-199343	-2015750
-588496	-3901855	2349188	4819935	-3395790
3515712	-1406473	250801	1584596	1701749
4192461	-3972277	3075642	-920773	4134680
4693080	1847470	60042	-658366	-4096915
1339963	3158149	-1949358	1014990	-267465
-3332005	2399553	3387422	3381373	-3964449
4884455	1078199	2113964	3295589	-4275599
1465829	4639758	-1961285	-4386565	-2109137
-3005248	145691	1995704	-2464162	-1036871
3658503	4621062	3378895	-203898	-1096080
2411337	-722790	-4934651	188926	3579622
-4518133	3821362	3654686	-2612064	-2523553
-1168445	-4864855	4865007	-3110243	-4106856
258733	2511929	1905264	3625192	283657
-662116	-4448926	913794	2924633	4034571
1699719	4902199	136140	-2863982	-1468587
1888785	2678364	1813485	4878970	923112
-1311329	-868171	3625721	688766	-925288
416376	-3151614	-2298612	-4620643	2693882
-3601456	-190531	-3765255	3459392	995813
-946254	-3778050	-1581340	1718113	557360
330561	-1007413	-808113	-646293	3359204
4524296	351382	2846325	2490132	4093131
4205357	-3849479	3081364	-591511	1881247
2508282	2806119	4089449	-3224922	-2767997
-3925301	-2110665	-4195820	-1763291	1539889
-4791030	-2415344	731462	-504060	-2177096
787376	3397846	3078188	1238801	524957
-362036	1670740	-3876205	3701700	-26209
3771465	1415449	4532426	-3167559	4104256
2493111	-1502643	4360197	-4580559	-710091
-60437	3206669	-4884213	3917199	955618
4160802	2770764	-2196507	-1243066	2790976
3244569	-1383558	-1922645	1160405	3498006
2719142	-3991680	1317732	1091170	-559662
-4071398	-3484204	2150313	-3453177	1034508
-3946052	3425893	-3581666	-2707939	-51662
4463461	-2189363	573957	2871456	4838627
3680534	1410927	-2272293	-3124879	3892601
-3283394	-3512757	1517799	-581939	1471139
2120684	3969344	-2323632	-4420860	-2961935
-3439298	4233970	1069537	-3995886	3417735
-2611045	3928011	4046319	1572074	3138330
-2583682	-3913046	-4893429	-1856263	2407464
-3965440	-2017104	869873	-2315765	2799518
2638521	-145051	-4470740	453663	4869001
-1519928	1018916	3259213	4407696	1729355
-1473786	-4218076	2923109	1379984	87257
1731096	2142130	-290107	-589465	-450579
-3188543	-2548025	2271525	3074331	-3700887
-633110	4559728	1781069	-413530	-4104342
629437	4251058	3049033	4753656	1361458
-2170938	4342353	-6801	1680578	-4281474
-2016220	4770403	3530248	1332911	-1852247
866936	483380	-2066689	-1461713	4002184
4600890	-2571963	3011100	4392386	2430915
3892673	-1290025	-808097	-3448723	-2392706
-3785758	1407492	629745	-2406075	3022112
-1274444	4693675	294911	2814226	-394670
-525525	-4699139	3565236	-634027	3704827
-4836865	-639105	217911	1899185	-1392072
576769	3291957	3678055	291459	4773018
3499115	-2850608	3200889	1449490	-871166
2222614	-2943869	-3656786	-1105216	-4973241
-1973140	-488822	3594759	-1111080	-3505245
3803645	4774326	-1060087	-1576820	210739
2399921	2965552	2620011	-2369277	-402570
1626682	-4245852	306103	-960991	-320002
-13816	2332904	2247477	4853217	19398
-4247123	4240390	-4077379	-1237516	2806328
978619	2841652	1672542	-3653616	-1011050
-3886471	-2411348	-2779974	2182686	-759039
-3231383	-3524750	3447510	-1541813	84501
528331	3391399	-17763	-126424	2566280
-1015901	2002992	2279380	-2347157	3156699
4509148	1192204	-2645313	-4291893	4805599
1135480	-4163851	4376518	1090050	-1657055
-4235901	-2746525	-1879769	1844137	-1827931
1023402	1276282	-2590352	1899761	3807301
3814851	-2545661	2071254	-4853991	-4266441
-4693481	-4400752	-4683888	-514969	-2779042
1306155	1239393	-2190414	2469540	4837369
536141	3591945	-861358	4007685	4900995
-2094151	-3328400	412910	696848	21131
803264	-4561715	-3210017	2675543	4842753
2342083	-4284199	4737205	-1979086	3208170
4871844	-2612786	4045689	-4421765	2978515
-3289369	2748995	1476226	-2011136	-1618251
4652260	3502530	2876117	3701574	-2429554
4767384	-2137362	693679	-4130112	1924209
-788136	-3125249	1997644	951782	-1020520
2533048	1778851	-4191514	2165987	435916
2487469	1850793	-1741963	1660936	4240643
3452145	4260252	3510326	-88259	4017201
-245935	-2432966	-1479481	-1788784	-1822231
-558525	2442676	1135803	4412114	606345
1720514	-4454665	4123948	301978	1230526
2828250	3213549	-3556903	1985250	-1813201
-2632476	2997957	3672458	1398781	2442079
657066	2695633	709128	2182045	-4211497
-3546815	-2603251	-2023260	-4594564	-4193432
-1000489	367109	4932339	-1151878	1968220
-3229358	-241321	253602	458731	-86826
3126249	-2341628	1664706	-4345801	3041150
-2814893	-4543363	1507108	-1938177	-4462410
933481	4442989	-4326292	85342	8148
-4189073	3988808	3499827	2551510	-2701279
50610	-4818332	-4328433	3985952	-3824929
1255311	-4764399	80500	-4925204	-3575319
2186790	-1034284	3593296	2961511	-1736792
-654628	2343641	-751453	-1562364	576243
4097815	-4858435	1231969	1978166	3371777
-4417704	636745	832695	-3809426	4349668
-2614918	-283669	-1961822	1467228	2421678
1442972	2063237	2831368	-2809980	-4292621
-1291586	2991304	4936509	-4814909	4140070
2397154	-4366195	-792058	1086704	3940739
-410668	-4547735	2323966	-2519529	-1091387
882936	-105902	-869465	4257699	-3939595
-3566399	1744302	1457096	2954369	-1308143
-18266	3939845	4787262	607755	4918402
2426466	1238671	1251103	-3314299	-3381338
-1953786	4390558	2334617	3318906	-2786797
2586811	-2564119	4872434	1137191	3507254
-1933122	4513643	-2929725	-4167344	-46129
-2332938	-1857065	-2391667	224296	-774429
-2760396	2415561	4129420	3261516	486211
-1308966	-3239320	3258543	2852561	-1100692
3579245	-2786221	-3747871	-555317	4510083
-3968312	-1042712	-467743	1917430	3247372
4464511	4482850	2509562	2830916	3171608
2669285	-1204561	2065281	-794322	4566002
-357639	3765417	-2121982	-3954496	2165581
-182378	-3185451	-1255418	-4558314	129354
1334033	-2732420	2313404	-2783971	822933
4287918	-1099437	-78275	-941960	-68580
3508971	-1488790	880853	218762	-4025323
-4485752	2019945	-3200825	-3324782	4682018
1292757	-3331941	3255762	1291860	-857844
2420126	4903265	979514	-3844293	-2091114
-660843	-2232971	4403263	3328783	3117421
-820224	-3655694	3599650	-4168045	-3661422
-2267500	-2488330	2013147	1390967	-2391252
1968933	-3363644	2510327	-4277491	2760092
1607007	4505702	3220734	4775329	-4897660
-3308220	2869391	-1309833	-4841086	2999219
-4286678	2037044	4816577	4559925	-4253728
-2334264	-1736612	-2624531	1312854	-1441813
-1107627	-474430	4680525	-4536908	202514
2596428	-1789134	-4353825	982371	-2602422
1838754	-1683624	3361109	1594193	-592182
28213	1475186	-1509115	1305330	1741876
746531	-1235832	1758424	4458354	-2024414
1528827	-1308602	194374	-1804545	2393565
-409505	-4462793	3432325	4067231	-2855203
1614771	-2822152	-2901736	1741351	925783
-2731227	2857061	4243953	2037697	-345680
-1777027	2722215	-499968	-4434449	-2536014
4598390	-204174	-2262335	1877420	-1525514
2957117	-3206197	4845557	-447613	-1204270
3889092	3856290	934272	-3219630	-2047259
-983059	-2059935	-2418356	-526152	-4794218
3911288	-1624690	4242106	-2826106	-3739141
2104995	-607977	3049197	3803280	2023536
278639	2275469	-2455479	-4517327	-2574640
1083730	-2753680	4915509	-2501648	-4143819
-2589230	-4754806	3467091	-3592271	2959483
-4267184	-2477141	-2584563	-1812971	-1252889
153695	1454881	604415	-1536076	-2316826
-3703086	-4250292	-1749585	-1907951	-4950730
-3856037	644324	-3328835	3135608	3177585
-4415998	-866020	-4766444	767249	-2458900
908778	-3606370	2969213	-618388	-896759
-1047173	-787704	471147	4281150	3722742
3044197	3362442	1803932	4378546	2647376
-519329	-2033864	4956632	-2958097	-4408676
3541381	-2446436	4650869	-3901397	-1149574
2204628	1722328	-3393146	2619147	4098332
-3175699	-3341329	3470160	2115947	-3737394
-2281812	2801998	4610406	149081	-3318250
-3315702	2671642	38850	1742160	-411514
3762286	2993298	3065971	4687527	-4448972
2159253	-4162330	-1995668	2267520	-230447
3848611	4362553	118205	4606185	-2176021
-1081107	2390050	3183823	4867547	-1320477
-2026924	66261	-458295	-644956	-4127823
-3996032	1211008	-1757165	-3904808	2537397
888271	-2164852	2747447	-792546	-4912157
3133951	-2332513	-563794	-3735339	-1789215
-1289635	1233060	1436308	3130250	3846691
2542347	1340909	-2111247	-3311410	-3181272
-4244720	3694424	4577238	121311	3713247
3077967	2902956	4505455	-951256	4909243
2045263	2516038	1557236	-822649	311388
4699286	-2484820	2701870	202364	-2485897
1412397	3281496	-2861578	-2044999	2985125
-2159480	-1660867	-3501512	2270785	-3519270
-153360	-2945586	2479586	2903319	1645805
-1894897	2575629	-3003893	4192812	1412770
-2253146	4260910	1386916	260607	4905902
-4822361	2333817	-2086843	581589	402814
2817815	3477548	2349405	-313179	-4205494
-4915239	-808737	-2876942	-3978203	-1382987
-4454878	-2241416	3434570	2035751	393492
-2753378	-4763170	-2690810	-2511805	3599139
-1200172	2579042	3349262	-1332347	1633806
-1938228	3253028	3472477	2729632	-4001742
194148	3423569	3847655	1355309	-4912764
-3168851	-388512	-848713	-3051959	2125407
2703758	-4197607	1405384	1657041	-3294423
-2215916	744238	-2793696	-1709791	1485913
2994487	-1614193	-63677	-1920027	-2634989
-18358	4811138	-2067005	-2289432	-3708833
-4872720	-3861112	-1619683	-4607305	1248912
2341982	-4690761	-4615493	-2434920	3554221
-1024906	-4939194	-822502	-1502928	-1556184
-365215	-2320131	4112756	-3376426	-2140967
-4145020	-1554827	-3414596	2909053	908605
-240232	912173	-4051669	235854	2904984
-314121	-4926528	953877	4060341	-4181098
3928975	893872	4023769	3518620	-4083261
-3165296	-399509	1993133	1349990	15239
-3225412	3049580	-607703	4135819	-3093577
-1997575	-1060128	-4061406	628153	-4155902
248579	-2836682	4340329	-823364	2927602
2536936	-3933716	3254684	2370616	-2467593
-1862661	1063695	3933058	-101455	2691754
-2296055	4199387	2671296	2439064	2611592
2153675	-2137800	923984	-3234756	-555981
3596689	-91299	-1037635	-1382409	1371965
2829455	3932215	2726352	1548878	3934451
2656126	3873651	827240	2916042	750732
-4614986	759700	-2322720	2773761	-1815346
-4121555	-3291449	-927445	-3185588	719705
-3450227	-1722484	-4000520	4515514	1817030
-3550468	-2747579	1530627	3261942	-473709
-1283241	-1997112	-1216628	1543456	-3550042
221165	323968	-3692685	3304642	440243
4704247	-139347	-3216301	1281873	2729091
1043190	-829676	-4093247	-3074427	-2082153
-4448800	4673131	-3490758	4409806	1619401
2131177	914359	-4682896	2717061	-1726841
3595289	-4026699	1963651	3410989	-1335476
4538640	-3055269	152527	504961	3301871
-1497287	-4943290	4727889	4308640	1575751
-2128178	4808716	-1831279	-4922299	2300903
-3222257	-3830674	4230784	-2609123	-1850035
-2241359	-3217387	-2113555	-1983012	4137825
-533484	2456986	-654565	3515460	1986728
946523	2141611	-4562035	4518447	3472622
-3918371	-3382870	-1464588	-4121537	455662
-1369417	-2827649	-1999142	-2254372	-3590502
-2418491	-2314276	-4266881	-4343253	4411603
-1869084	-1169257	-771318	2163860	-686127
-4956396	4591049	236394	-2528578	4137571
4827659	3668197	957182	-3655737	-3028560
-2750368	-3311857	-903209	1226749	2960789
1307245	86085	-605278	1980722	-320812
3350775	-4850935	-224141	4317705	-1207181
967253	2970958	3806414	2129741	-1790508
3472085	1072384	4932923	677079	3889010
1862216	-2029072	-3072145	702999	-2691014
103443	4163213	3863774	1150347	2404306
-2062677	4234553	-735567	4266959	4935395
-2400721	-4144845	-176657	4435246	-602667
3587244	-4147237	-2089447	3045086	2698594
-2450238	-117997	2350446	-952785	626932
-1454630	-4383301	2557430	-1922210	-786583
1139032	-3201283	-3759320	2999666	1613303
1853882	-1992174	-3960755	1238352	-2769296
-377828	-991591	-3185796	1177547	4337391
3861617	-3464800	-3769417	-2274282	4682825
-989603	-3062466	-1777627	-3891075	2326004
3133301	-2596119	4172881	-3077974	3703652
-608954	2476894	-4536860	4914449	3670819
537968	1074425	3226146	-2160901	-1138324
4558205	-697678	4943604	2013636	-3755544
-4216478	2889694	4359885	4133771	387109
-24970	1247412	3809533	-1680880	4988843
2749416	-4244561	-413465	3178203	-262682
2197127	-4229347	-4026189	1596984	-1904506
4347634	-2300778	1395207	-2582560	2883782
-1311642	1705272	4486522	-3577324	1960677
-4734179	2222001	-1282043	-4076793	-1869453
459293	1164207	-4314527	1600854	3392523
675182	-4715370	191892	827045	-2373263
3076613	4677750	217403	-3666102	-4096084
241317	4764673	1196744	3254667	3997779
3611060	-194235	-3353806	122926	-104332
2031596	-4347835	-660827	3186554	-3466327
-2789999	4940190	502011	485906	1361143
-2842780	1457419	-3561350	4906343	-776951
1030137	3368548	-3257232	-1190873	-947862
-2312686	3177972	-3460588	1548570	3331235
-730840	2178236	-2996722	-4295156	-2751993
3787416	1713132	3023936	-1780672	-881820
4282959	-3284110	1145	-3701564	440741
-3671701	1277178	148681	3187163	3738055
-2610508	-1764362	-1317573	-2438018	-2122943
3851265	-1617351	1519673	-969441	3260846
3801280	164307	-4757791	-4170624	3747497
-587985	-3321677	3478012	3279412	-3506301
366133	4646713	-765798	3901796	-3860660
4827235	-190921	2094361	-3539484	3384506
4797819	-2233473	-558430	-3013639	1567660
-3010012	-4999535	-1242228	2863816	4219809
1426547	-2099809	-3439792	-624466	-4580289
-2823782	-555504	2505251	3965962	-2645246
-4388772	-1909996	-1226405	2823319	4288040
4298689	1832523	-2762870	-1468582	-4207512
-145507	1728282	2906931	-4459633	-4463554
4937750	-640730	330446	1747326	4665613
-3935152	2491779	-4200004	3562379	1761227
4523997	878260	-865145	-780643	-3894684
2766265	3095311	-3904886	3753356	2337152
4278628	-2877802	-591383	-3686516	-4971741
-2500119	-2786535	3281196	-3908320	849841
-3921681	-3137735	-240139	1426352	1589118
-4521027	-3200744	-192708	2664942	2453790
229273	4685125	975678	-1019822	2432955
3925032	4715507	-4821968	2529885	784110
-4503577	1117166	-218041	131630	305624
3314239	-3638827	4532567	3879978	860131
3881664	-3567947	-2473995	382751	-3893534
516	2035942	-1025821	-3424591	2579215
-3217235	375653	-2281430	4980648	-2510981
-4198754	-4541756	-705277	-2980849	2306788
172995	-1457026	-1035359	-780250	-571948
1034463	-299432	-2889892	679336	2509569
-1320231	-2950134	-4553289	-1209667	-3936152
4099688	-1178514	337422	-2304751	-1669010
1561514	-4509712	-1716950	-1062002	-1519065
-4695212	-1080984	-2979293	4855946	-4065345
1619016	2842230	1147261	-364989	3720849
3961629	4575716	1879599	2565603	-2477017
2933426	1064931	-3958989	-665424	-3256088
419903	-729848	1691799	-4020343	2077493
-670698	3900868	-3683348	-3240340	4622915
-2015030	2027692	130563	439119	-2050994
-1394150	3182338	2395671	4812854	317416
3913853	-1239816	-1667639	4242037	1836047
993473	-4972571	-1316739	1008572	1395104
-3337043	-712081	-1733950	-916956	-3910276
238376	1360577	3585717	-1131846	2666389
1007860	-2779685	4904717	3531516	-59513
4025715	3565092	-3151335	3903608	-2087648
2732819	-4046445	1823950	4033	-3473378
-4449317	-2137709	-3951505	-1531400	-4023576
-1273191	-4253497	4228787	3043706	3125587
-1720902	-2357844	-4956945	2296716	-1822462
83832	2616449	-922199	1914928	4875866
-4031887	2364209	-4577452	-2154793	3051032
-2766845	-811574	14998	977167	2687212
1330246	-1158072	2630344	1127511	-3951485
3512084	-2231516	4047262	-3977507	-4824390
3658606	-3735212	1001051	-1658917	37214
2232040	4803914	-3207734	-1489910	-2593427
1939765	-2541309	1298280	1531136	-1967796
3265234	-1494942	-196394	2518844	785069
-2436546	27994	1552627	3304807	-3808587
4423354	-3673931	-2258822	-3811309	1786269
3981159	4923905	2019225	4836001	-4544147
-4366677	-4328364	-977944	-2691721	2820360
4486295	365373	484197	1195716	4904895
-1421905	2134496	782954	2928426	-1131291
-3592554	-2721097	2118625	749494	-4235456
-3789055	-1427178	-3027699	-2881133	-4837385
-2192606	2301363	-196248	-1958726	1479685
1566463	-2028331	1110322	-2805088	-1911340
-2944912	4132264	2528452	-170119	2657725
812960	3134689	-4443730	-4957058	-636974
-4940095	2129853	-2146711	-1382956	227055
-1012477	-10911	-4030361	-575524	-4982075
-2027003	-3440563	2618312	-3871191	-3185307
-3694687	-2960841	-1178591	3971252	1359146
1003984	3450943	1130655	2299579	-1082838
2245601	4463505	-2050789	-1972727	1373687
3547559	2760770	-2173028	4343327	-966450
895548	-784289	4080395	774066	147010
-2406208	-3343301	1379026	-1991711	1202485
3318237	-2361694	758712	1662764	-399250
-2532029	2811288	-2260997	1050787	-1328401
112341	882938	-2658778	-3595481	3581329
3886084	-4884071	-4222966	3346948	-1042772
-593636	938137	-648631	-3742116	3501124
-896498	-2579102	-2659891	-4362424	4733920
-1379645	-1007233	-1321802	-4885673	2002155
1887347	4577713	-3270302	3685128	4863990
2897553	2766642	-3142528	4359851	1766782
-818167	-536610	-2398100	3633237	1650602
3191956	663261	-1217113	-4144066	-235249
2427183	4174866	638875	-2536849	4853217
-3444440	2523706	-385157	-1598586	-2020503
1326877	1271327	4003453	2262047	-4750704
926037	2200447	4781026	-2515846	-2860839
1410354	984837	4478103	-1346937	-3929627
-4534603	3210692	-2708179	4201376	738815
-4029606	4495096	-1915352	-1361533	-2699882
4849875	2046834	7171	-2594829	4062959
-3604168	3923517	-2334598	-1019572	-917451
-2689408	-2103741	-2400907	3222915	3327878
-3838745	462489	-1130188	-3572156	-2612752
2229341	-2844584	1320092	111766	-350473
4896186	403631	-1416610	-3653327	2922415
-495673	-320721	-2579209	-222932	1349372
-86221	-1910770	61766	1141550	2599866
-1254754	582199	-1779048	3293797	-928693
160692	-3968689	-1436001	-3973951	1750525
439634	-2555889	-2136754	1342861	488092
-3274414	-1866666	555508	-3368264	4610027
4828706	-1944447	1386690	1651263	2259567
-1690474	389459	-1878910	-4655614	4743804
520255	-2815774	-858810	3508307	-2021918
3193954	-4186703	-200531	2086747	2597921
-1456305	-4212166	3455968	-671878	-4597038
4034951	4070686	3076958	682960	1826295
3362050	-4024504	-4996391	-3578158	-2879370
419120	3866931	3116733	-3954410	1226571
2715314	-4476227	-4299298	-445774	-3375280
2766248	1152565	453778	2213793	2758675
-1432283	-2273094	-1630694	-3259811	-2300580
-2796733	-845171	-768089	4343153	4203209
-211806	3943055	2592466	-3675399	3893842
4548357	-4934754	-3845534	-1001982	-833130
1933881	3784588	2571031	-2132747	-2207221
3375266	-4321757	4015268	-2898686	839470
1093608	4302152	2795695	-815636	-4999417
-951172	4324826	3768091	-276224	-1644214
-3937087	-1372250	1732017	-2493138	1598740
2063626	-1602163	1603706	-1255879	1814715
741170	-1262399	-2763495	-1777868	-3076444
-4518244	969014	592669	811506	-4206357
-3661414	-4536277	-152043	394837	4459283
-4530814	3420631	742813	3603159	4648318
4902889	-611901	-690428	1970176	3147518
1088239	-2117199	2189901	1389543	3333067
-157287	329031	3175194	-1381121	4955073
-46790	4153023	-2036982	1706807	2710369
805710	-1327549	2569915	-2275738	-1814264
1455663	-27231	-2348164	-1559343	1388338
-1178578	-4400102	2634189	2015096	3997671
-1915393	-765562	1936382	-2927629	4566604
1994752	3194195	-4087338	2252680	-4779701
1642252	-4581811	2594035	2355532	-4957939
-662085	-1102413	-2269728	-3723505	-4990297
1822199	-1212364	2307660	3303551	4001352
-2647666	-4974692	3779956	-1936088	4312626
4305240	840427	-4878045	-312352	3649639
651356	3612487	4878940	3512345	3372311
2727794	-31140	3194549	2579825	4511050
-2607268	-282397	-4146483	-4562719	4192626
820791	-4888175	1140352	-2922067	-3907425
3339534	-2176894	4738390	-2399878	-465056
812494	846280	616746	2344594	648674
-209933	3516414	-666623	-2269045	-582512
3432230	-118575	-2205252	-208343	2000159
-3867485	4181845	-656110	-3150420	-4896789
-2540686	-3880149	1763763	2624625	-1618856
529529	-1099818	-2171043	4358671	-101791
4254000	4802445	-3338916	2000666	-3597027
1761332	-2196764	3974008	2906172	-2517840
-2696416	4561945	2396560	998339	-4967181
-4743490	-3227452	4090222	-2194510	-967752
3003429	376916	-4439770	140630	-4940603
580594	-1689796	4652886	3050866	-4750835
4500901	-2380860	-1276893	-1822157	-4283931
-4678576	-4474300	2991921	-4327880	-2804273
1277883	-343980	-446493	-1336826	-3634275
-2163362	866832	2783261	-2871919	3453656
1111549	-3892729	1794014	3610545	-4461100
-1987862	2701530	-387665	-1837529	3484509
-2593628	-2087746	1798290	-893175	-1198685
3540583	-2063556	-2880629	3678543	-2212999
-3027777	4947412	3952104	-3924821	328420
-57028	911666	-2449358	466897	1417803
4175964	-2327423	-3982923	-110880	-4390468
-2473041	-623856	2263455	-4421300	-3532117
-4598873	-1790854	881942	876393	-2064835
-1809525	1819752	-3191327	-1460683	2841820
1027028	1598709	4177021	205675	-611197
-2119614	-1803705	4334631	-627709	1649951
-479377	-2608097	4051264	1630054	3374356
1813028	-3336218	-2002725	3266297	-1519778
-3443364	-1304586	-1182026	4588152	-4150493
1455556	2364912	-2605455	398766	-393745
512264	-3233560	-488388	2711592	-2255193
-4536369	-1038318	-1638033	-787237	3416625
3836319	3956146	-4587943	-4008013	698045
2865167	-2645519	-633505	1472246	-3914445
-3166034	2977985	-698470	1431674	685997
825505	-1272878	-1544439	-1482406	1124912
210594	1357684	-133820	2742289	-3776553
-1569911	2332277	2283699	-2197085	1095536
-4609299	-4658002	2264832	3908876	2163674
-181135	-3839296	-2492359	-3339333	-2110970
4823333	1579559	-3409655	3709167	-4449455
-4064298	4927247	3096595	-2070154	1264841
-4572076	762115	2464759	908258	-3809246
2172298	3792445	241739	1117777	117904
-2641253	-1650193	-4887960	-2275305	-287361
145862	-397550	-3459229	-2892531	-4959448
1413072	-1850174	4913649	2252800	-1057444
-364180	624053	3644343	-4193407	-4734865
518947	3128128	1258618	977699	3797173
1111200	4460969	-2558225	2048591	2157476
-4642743	501516	2444234	-1480152	3949851
115634	-1584926	630385	2386217	4410881
-846126	-868395	1201139	2022951	3987101
-2383885	3160491	-542484	-1850954	4456917
-4265113	-3909182	-2643205	-585788	1444336
-600123	2175473	1945572	-497209	-2028402
-3150890	-1300252	82954	-1489619	-4578780
2102504	3455339	-1449586	2191441	-3500265
-2780208	4073209	655405	-1314215	-651167
550009	716505	-4880773	-3689381	1770869
-1528748	-528908	-4108324	2868016	3359483
-4070256	1515196	-1805652	-3850333	-2727409
-2078803	-2660937	1484508	-4634101	-3216908
4239381	-2998856	-4273403	-423112	-315372
-1535811	4623527	-1629317	-3459435	-3599694
1829996	47665	-2005942	-2014414	417092
2340347	2659540	-2220429	-4733561	1676472
-413569	-568642	2820874	-2192554	-1259128
-1484611	-3297564	-786982	-317719	2267570
754183	-3998301	3818536	-3577721	-3495222
1725233	-4989330	774521	2432059	2242658
-1570829	1297335	4633127	-1631186	4862075
-3797065	3436615	3647956	-277189	-4492571
2099662	4619649	4168322	1254157	-430089
4499558	-303293	-4369439	-4853814	-918737
3396774	-4771105	-204955	4493612	-2730064
-2136665	-4312875	2429628	4944361	1816880
977997	-4116944	2294195	-3184493	778179
-4793168	-1208440	3814218	-1996755	4453047
-3281611	4067531	-646946	-4098702	3121885
-1048229	-991938	-1278431	2240576	48441
579880	3418908	-3985977	2647321	1336424
2530020	2448207	-355897	952610	3529123
-555888	1897936	-912239	-367034	-283302
2521606	-2609924	2996731	3062819	-3627118
4999560	1442571	2499113	4375704	-4135370
-3581410	-696263	-2815956	1892811	-2531074
-3016304	-2869939	-4296742	3217019	-1586211
1106794	-3455870	-4257565	3636613	4980275
4058100	-1942626	3625118	3050338	3063852
2715209	-264404	-173051	-4436318	-1167283
948827	1504043	4724312	2010366	-2414931
2147652	2279053	-924189	2597422	-4090705
-2438127	-3886070	1763113	2582992	-3135300
3510570	-4073844	-333564	1251713	1737822
-1318564	-3476121	4253609	3468740	-2277451
2509749	836322	-282156	-4984283	1232333
1784024	3628840	1613748	-56421	-882966
-3875931	-3774682	-1429019	972812	3800663
-2775201	150987	-3242512	-985596	-22363
-3118730	-2094691	-3315316	4110753	-1169972
4870114	812069	-2245888	-2719924	3847909
4194595	1199613	-3534404	-4359709	42743
-1262547	1122014	-4916827	-1911189	1256783
-1922234	4768455	2374277	1381371	-60872
2282491	-1707699	2686609	-1309964	-3669456
3669871	4557931	2827602	3304985	-4475222
2417998	-4469840	-4440039	-4266141	-2154274
-251195	-4906366	-3422322	961501	-3558844
1423388	-3773321	-2091157	4135220	3821775
-1694166	-927900	338790	-77800	-3634637
-4224898	414551	-2190608	-3070556	3243324
3364380	3628343	-4691538	1085814	-1132110
-891945	-500778	-1119168	-2019140	4057681
3127693	-2128133	1275775	-1119410	136965
4123235	-1291725	-1257579	-464552	237362
4852244	1756904	-1384523	4024406	3512881
4834951	-313497	848898	-2825286	-1026834
1185768	-4717633	4642178	1098641	-1020935
4113162	3187289	298519	4618953	-846958
248381	2666156	2928433	185542	4386792
-3909353	-1008120	3307102	60655	-2725545
4037656	-3875691	3537448	-3183185	-2779315
-4061129	-4726732	2796690	-2894382	-488856
-3907164	-3114575	-1513195	3261135	4234001
4503039	2613312	623751	-3897953	538279
-4213448	-4880433	-2413250	-1725207	3338429
-167921	-3134836	-633369	-3162785	-4497478
4074109	-4807109	3988364	-3846762	-1423387
2409865	-3788740	-4237781	747976	-1190924
-1153864	-820015	4911227	-2025697	-4372178
-4205005	4638269	-2853242	-2637968	410861
-2607009	-286508	-4505261	1765791	3450046
3310812	3067259	805262	-569322	-4545786
-2218246	-3618853	-272782	789948	1609425
-4864214	2000950	-3246733	-2781585	1215952
1585260	-4075106	-2134324	-1943820	-2343229
-2406100	-2307285	-1955760	2075196	-3737402
-4622496	3370993	-883587	4218491	1383527
-352888	-4611884	3511799	-1415307	4222739
-2548491	-3836744	-2941789	1769311	-2547509
4733138	-787885	4718837	-3183753	-2770306
-3274106	-1863774	-200773	2957542	-2765466
3423274	-515207	3337846	-4391914	3051664
471844	-3019681	70834	3955163	-1608630
-1007993	192160	-278248	-3973646	-3340619
2532373	132023	-3680873	4828787	-1750317
-3810010	-4854770	824233	3073272	4619463
2048265	-3305724	2240532	-2179173	-2784522
-2357795	1897032	-1783637	-2899785	2070245
3381368	-3594011	1034867	4628511	2073446
-4722579	1478496	-1718505	-3639964	-3000346
-4160745	-334677	-3025794	2029784	-3832797
-2030992	-1187931	1476876	-4183752	184936
-3877385	1461973	-4683906	2912608	1336606
-3727315	235059	-3089508	-249508	-781953
3020718	3141398	1136425	-1507757	-3444123
1625766	2685467	-4594716	1998209	-317349
-1381125	-439675	-3984310	-1092678	-2080795
2178474	-1553814	1929133	-1328446	-1726652
1558530	17222	3440283	-508770	3969366
3212869	-2925506	134945	4285205	2914506
2785666	3393766	1140623	-1929943	-4443439
-1230156	4595267	4853914	2052016	-527017
2156774	-2493921	-3637627	617057	-2907108
-1395414	-2001891	-1441464	-3232667	-4831717
-596552	4933092	4811644	3329266	711111
875431	-3439699	4274711	4770503	-3935064
-1794575	1236845	-675560	-3758886	-989449
2014513	-4485160	1217625	3585022	-4469578
-1213504	-283449	1027837	3030541	4994010
-281334	2040699	-1470721	-3553107	-4349159
-2020917	-543897	-3381025	222831	-4476626
1264330	-2417572	1877805	1971549	268914
2987216	-701310	-3149305	4413547	-4328971
-2905300	-1051160	-4778081	-4819268	1814231
967883	3948155	1721230	-3009707	-4770776
-1614036	3276289	-4678930	3775020	1735858
-1983824	-1780217	2877469	-2533003	-411383
1529957	1345979	-1438080	-4832015	-4502035
-429880	4883585	4217042	3398348	3603681
-1780693	-2956452	-1534379	-3097653	167811
-4312017	534106	-1698950	3928219	-1484595
-3456690	-4984237	1018002	139328	2414581
2842302	2928305	660255	-4262426	-2353620
539845	4994676	3429789	1553538	1888607
2695519	110073	-3746712	-4531730	-4746228
4669086	936773	4352586	3445649	487260
1836437	4892042	2923220	-2685347	1987198
2870843	1136049	-2540377	599976	2030340
-257636	1840977	-1052397	2147212	-18275
4023352	-1831195	-1197526	3346369	-2442418
-1823090	240839	2626917	-1469635	-3503975
-2755145	-3440279	977909	2932593	-461442
293146	-1033991	-2166914	-896277	-3276398
1449457	-2435247	994373	-3069327	3272292
4464455	4352703	-945770	4165050	-4618024
-3529152	1953730	1998829	362255	-2154381
-4126519	-1535865	-1619427	1037862	-1334249
-2474290	-1846856	-3492485	4455178	-2699897
-88548	-4744245	2213312	413065	-842128
-1582503	-3227228	4900178	-2269870	261843
-1065148	-2053274	426476	-1733489	4607197
3537501	-3432074	2127005	-2163061	131648
4798186	1267800	-352029	1519183	-4308269
-481011	-2743788	-890868	-4371236	-4105182
-2814458	507352	1046030	365655	4368175
-2135500	-4420382	-3844596	-1496719	52372
1008421	-1351124	-2446261	49330	1574574
768132	4306433	-2447747	-716388	-2424700
-1111260	-3285484	4603335	-1465169	4716938
4137835	4435898	-771296	3398382	608237
-4831823	3715220	-4853312	41452	1768209
-3041245	-2819352	4640346	20252	2752119
3871401	-1404225	1167274	-200882	-200443
1517486	-4424720	930378	2309789	-2572620
-4449962	4684554	958124	-2455213	-1962428
-2109835	-259798	2290177	3005509	1744746
2253507	2222123	584950	3845717	2926380
-1018114	2913653	-3738166	3734108	-3664135
-1201510	2275060	4985634	-4190103	3348396
-4466220	-306632	4508445	-3613110	2021367
3169745	1137227	3244910	-3373595	-4622079
48954	-3336594	3687221	4041591	-3390407
-4115973	-4305102	-927982	4570432	480190
1275902	-3353922	-3383142	-1797309	2070493
-1799215	-4379470	-10019	-1626598	-190652
-548190	-2290273	-3208326	-429678	4496863
1321345	4462371	201511	-1795894	3978201
4785922	1085928	-4410741	4875	936322
-3872561	783190	1749751	-1228028	-4973312
364004	-81816	-1702554	-2333542	3201025
-3723395	2833218	-2291177	-3329107	3148780
-1673623	2777534	-473581	-3051301	2189905
-3462101	242076	3629017	-3750590	-1442375
-400523	-3314935	4471313	764095	-1389336
-508907	-1690506	2687956	1611209	-1896835
-3094803	-2135744	-2651074	-3637495	-994209
85158	2627458	672536	-4550647	2976249
4111111	4453823	2645499	-549506	841306
-4322564	-1765097	-2821039	2691367	-4321390
-2640383	3067284	-2246718	603615	-1608385
1903839	-3224708	4326187	26624	-2817097
-3055310	1560293	-217848	-1850865	-2924335
-4974105	-2793622	-3385480	2620345	1715140
-1684942	-4708482	-224212	-1153974	-732574
3646108	-4639497	4942718	2308954	1571583
-751983	4786937	2532544	1433488	-3672273
135718	301033	-2625513	-4226564	93054
-1414118	-2812163	4715808	1736203	-2758110
-4804144	1278573	1834439	2657933	-821689
-4433000	-4075315	-3122001	-1959821	-1655676
-2204786	399927	2943238	-3008807	-624274
2812615	-1674073	-1579339	4299688	-2201641
-1493158	-263292	2497784	-1596081	4191212
-1097348	2209139	236722	1056028	-12331
-4695433	-4748409	4924201	-454672	-790346
4726269	-1830836	1787707	2603781	-4762797
-4469953	3972796	1014264	-4818513	335196
-4433533	1571357	-1143756	1353175	474368
1582910	2500885	-4429971	2196326	3557814
65958	4850528	4329421	-104202	1598896
-3725602	215830	924009	-4524925	-647690
2754469	3765126	4064168	3960423	3728163
2383548	-2332227	1155904	-2184787	1155728
-3900426	-1080517	-4509809	4366060	872959
2095206	2640146	-305958	3638456	4511626
2880125	-3374618	88337	-1501556	4824431
-374457	796554	4323158	214493	1996214
-4826140	-477395	-3504456	-1628105	1313886
4374904	1129871	172814	-4092328	-4587017
4374377	1450077	1256391	3856296	-3861090
4928479	-2066768	3767025	-3574146	-3984743
-3927020	1202377	980115	1446641	-3611881
-756897	4561464	3761218	2452394	-820674
-317216	-3044599	2104006	273634	-459799
-891967	1352962	1069050	4086442	-3154792
-3756906	-4826820	-136498	1411831	1846451
2138484	4205909	-371751	-32426	1056453
-3980728	-4598983	-2570288	-2145055	1361851
-2650147	-3215366	370420	-261302	-3248502
2579783	-4348557	4498304	-3809633	4134434
2007778	3479542	-1002048	-1239321	4962558
-4729877	220879	4463840	-4963784	-567418
-2244291	3482046	1078077	4889409	4134591
-752598	-3633150	-4685399	-3073672	-964802
-2495619	-1914421	2177504	838304	1374437
2648778	1794056	-3598105	3578999	756706
-2554085	-676813	2012815	-201781	4237751
1945838	924776	3985836	-3544116	-4646147
355990	-3185731	-265490	-4514269	-1929886
1583122	2147017	-1839837	3993374	2007946
-538169	1547968	2306664	4899999	-610679
-3921380	1639858	-1494115	636971	1836853
-999426	4899620	2899049	4389505	-532705
-3432528	-2100432	157592	-642329	-409300
-166648	-1542309	253562	-646986	-3058682
4396230	734873	2914240	-2131872	-1681708
-435296	2193450	-4972763	-4089509	-510622
-3733611	-2212757	1868287	-4821299	2323003
4963295	250109	4278260	1457408	-3294334
1581671	-3702827	-3595052	1664048	3865156
-2201917	-2224772	4870379	3245468	2397425
-4436400	3699477	4860977	-3862793	73475
-549459	-1261859	3193769	797640	-3131016
4117841	-2918096	701257	4222379	-2817682
3209816	1376525	1432646	-1964689	3267279
757084	3036848	4735955	551528	2351116
4486392	-4004413	-3800177	-493297	2113072
696106	4748349	2107193	-317208	1842880
3736729	2720323	-4677529	1309634	3989057
-3166674	1417273	2865014	-2157185	-4420709
-1756012	-1803763	4976102	-1593678	-4404183
-3565675	1083361	-1597998	4946119	410145
2559699	2094923	2528408	-4744260	1572831
359764	1124656	4799123	-4513641	4335459
-300431	86420	346094	-2341962	3562778
-2453829	299321	4545513	1299498	-3927209
-4668659	-4230642	4619900	901974	-1649837
2823447	-4152119	-3530557	-3057250	3847972
-3755050	-4840355	-432455	-2869779	-598864
-1925166	1399305	-3336615	349490	1364633
-2190188	356286	-2791272	124887	-631198
-2760806	-4380331	612509	-936610	1377188
3890403	-1044187	1917230	4231513	3612149
2556870	-1102856	-3490640	-3460876	-4384939
1354594	2521076	-4466009	2227771	3007211
3297672	-2888969	-904903	-2645929	4779449
-99229	-61650	-1898123	2926251	2469340
2741174	-3938045	-4672566	-4731496	-3986215
1390934	-3069696	-942490	-757560	-979020
2113868	-897147	3173341	-121172	3869106
2425997	1713492	4434236	-4384505	3208814
1600618	-662913	2764095	-1018960	941294
4167940	-962472	-882048	-99345	4509020
-966198	4510589	4169301	3970982	-598534
1250780	-1534808	3452013	965523	-4686445
625253	660017	-3061216	-2461248	3706245
514863	1508086	4183376	-2640719	630449
3446399	-4638678	1305772	-304230	834244
3103848	-3045904	3864152	1829462	-2542618
-636563	2851871	4408202	1434772	-4555451
-2290769	3632915	4454110	-1986375	99036
1859867	-18680	-1189397	-581711	2008770
-447340	-2969119	-4876795	4468747	-445346
-228908	-3863972	-3112544	967043	-4882955
-727116	4146098	1955430	-4330602	-3893239
-3064283	-772067	-3654290	2821627	12506
3926519	-500944	2845089	-3676216	-3865500
-2341558	1407451	40424	1309966	4400615
140352	-293659	4961595	-3057542	2510645
4264865	-950360	-2989254	-1843101	3695759
2287440	354987	4016594	-4723807	-2428822
3112482	-2464129	344750	-2069790	1758175
-3268359	1341602	4020198	-478708	293405
-2615157	-2450167	784152	2911201	268755
4432646	-992468	3003662	501236	-3396775
3863144	78532	2550414	-708131	828753
-1913057	4966074	-2048528	-1414992	657620
-3372427	-1855350	-4331842	-4880185	3473401
2695612	-2793504	2255830	733382	-1417468
1433831	-2247447	-140019	-889473	369023
4689661	-4313597	331189	1438007	4700943
-1932578	-3391896	3081921	-1872206	3557309
4703680	3797244	1861028	15151	-2125261
-4980161	1680169	-288075	3699274	-2905994
4744846	2716345	-2143903	4995826	-2538383
1320012	-891948	2571468	-539471	-3383672
1193683	3004517	-3460909	-1431783	-4252597
-2854453	-2952289	2097252	4776342	-3218460
-431880	-4177932	1805051	-3225334	-1257119
-3619067	-3196463	2601357	3411827	629511
-1707666	2800083	1193956	4431862	2409590
-2454812	987036	1035972	3843335	3509272
-2572235	-27154	-418756	-3417925	651829
-2459401	3104492	-4296621	-2559996	8413
1302	1005365	-1060555	-2496056	-935236
4624819	-248250	1227307	4582454	-1731079
3788428	-255914	-1683648	-3751574	2702204
4045707	-1874803	4955951	3388179	2334639
3309160	-4543314	780330	-2028898	-990683
-4667896	1652548	-1716877	-881046	-1391710
716728	-3209790	4497434	-1056958	2261013
56429	-1056411	3832402	-3562073	4109326
2731064	1057944	4810854	-3870855	2537864
1530206	1997464	-1048934	-4808440	-14762
4228082	1712288	-2326064	-2144529	-2325211
2349286	-3916130	-2303873	-2328821	1185546
-4566882	4080503	2473171	694649	-310486
257893	-2955344	4576310	-4123673	2142686
2662429	-1805959	190124	-3548739	1696258
-4892000	-887909	4452025	-672810	1152802
3213686	3489657	3410776	2964148	-970722
4661135	-3093487	-4765956	-2553976	4515395
-4655653	177114	-489505	-4214629	-110869
-1743780	4185788	-593696	-318993	-3511623
-542912	-2310926	1856752	-2804913	431709
1686437	607134	-3468471	-4093335	-1623891
2846999	-4979081	4051965	-4575431	1775622
2759020	405183	-88941	2771128	3299946
2451688	2054657	-4920648	-225556	1661028
1894726	-89836	4234975	2645408	-3243584
-1026702	-1132532	-3255081	-3631518	-544812
4917547	4054835	-1096103	-2154021	-240471
1446823	-318189	2600900	687318	2048268
4565608	-3455259	-2068487	3017718	1537848
1309429	565123	2522232	-222255	-2059956
-2775877	-2726671	-1693063	-619672	3562242
-3734223	2317737	-2319327	-189403	-3281761
3512626	4448664	2170704	-3445960	-1198779
3392076	2319797	4179997	-4729630	-1019207
4421306	-554828	3444886	3649800	-1417383
-1395799	4576634	2201557	4106842	876178
-4680683	-4585519	2354973	852038	83348
1581354	750136	-3193262	-3694529	-3606377
-4062026	4455526	1427061	3807870	4132619
-1876699	-4319570	95979	-1843162	-138922
3860331	3009711	-704635	-1161905	-1043482
-1733875	2374209	-2431851	440803	-248378
2147574	3375816	-4856900	-2607736	-4250037
-3725300	1134136	-4813234	2856666	1324750
1138572	3773417	2163347	2517519	-4646407
-2109382	3943758	-4154464	-4024583	-794688
3668888	-4602654	3450580	-3868558	3886367
-3704204	1390442	1199732	-2260568	2897939
4277907	2152924	3010708	1565397	2072158
2711101	1125331	1161433	-1104713	-2539905
3083772	1866405	1994532	-3293009	1764586
4399477	2186537	1514249	4266402	-1786081
-2368501	4396825	3330259	4275584	-3692271
3995702	-4358716	-2472352	1037148	-2672522
1476702	-1859083	722273	1691544	-1217135
-2836139	-3694565	3564475	1915759	-824561
-3277931	3492230	239325	-2191217	-3168050
-4888257	46301	-159080	4082441	393428
60864	-4779119	-2245450	1502060	312121
-2772250	-2651142	2523474	4438284	-1366051
3440438	-2456927	-3742075	-3652848	-4553408
3804826	-1579810	4275263	4581042	-4153177
-2381738	-2313770	-1392260	-1328983	-855063
-3712674	-1516442	3045373	2933642	-4380901
-532818	-1965304	255522	-1832913	78048
1003097	-3793262	3652206	2227195	38261
-376320	-1941363	-716760	-795725	-66424
3970645	-463597	-1176682	91484	-4757831
-1195761	-2328204	349975	-4675994	-3067544
-977045	3900154	-3324810	4366844	4556492
-3706088	-1590457	882035	-4725601	3071231
-2190523	-1869526	3735910	-144333	1606866
-28686	-522980	-4902524	-2913805	2880133
787535	-1875992	4598446	-2247771	112199
-1936291	431503	4946964	340763	-1316463
823918	4707135	-3059625	-2739302	-565322
-1082688	-2429905	281071	-3086602	-3407140
3828662	1050055	2847137	-1480803	3507163
-4616728	-4579891	-2098546	-183258	-2500162
-2891402	3212249	-2465444	-2565086	-4671358
416922	-4403736	2315763	3078345	198857
497022	2571659	2446565	4119094	1003010
-1030564	-1025825	3499212	-2974332	-293403
-3711708	-4018518	-110891	-284497	-4716838
3306293	-893789	-712934	-3157572	-3827512
3728404	-4184869	3763023	-1338813	1543070
-3399844	3263383	3713906	-1621964	2413025
-372553	3989090	-4690936	-3887957	-2247495
4168937	-3846801	352996	-3508064	-3359912
3635056	-1887911	1579080	-7081	-4310656
1899855	1126850	-1472953	1194844	-4497603
-3357141	3045195	-3758468	-4783343	-924084
4524084	1166119	-1648753	-4419807	-1110767
3002652	815262	3829821	252773	-3000177
257785	3881186	2668602	2411357	-2449509
-2912044	-996339	-1880846	4126633	710284
-26536	-3853226	1998453	2518856	-245666
-3674944	-4580753	2370025	-3439051	-2366747
3437800	3768560	-1572798	-750596	-2595801
-1703689	1918543	4688876	-3457090	-3143897
-1647004	-4389943	1044520	308654	-710978
-2306122	1002232	-955541	-2973386	3826713
-4156053	-1551126	-183907	-4258620	-4804756
-762501	-3459859	-3670891	-2582577	4025088
-3856868	2157303	-613503	-1862041	-1449401
-4654001	1733642	3484913	-2613121	4724175
-1189395	-3861680	2704179	-4699321	-32859
886319	-4578201	1636669	-1996159	2794610
-156644	1510350	-2368732	2937536	1077092
-2174355	-4928278	2624399	3161925	-1297074
3873085	-2251934	2319888	-705566	-2935503
4393576	-4325799	-4433711	1375211	-3427445
-3772385	-2404145	48682	1934685	-809585
2572241	-2062993	-4233259	2328169	551890
-1307200	-2908375	-4426617	-1546334	-4788251
-4828362	-4060651	2872298	4591770	-2215186
4984506	4660831	3331531	659898	1768056
348187	-2375901	-404730	-343650	-148125
-4535312	1048580	-301518	-4594544	-127198
-3757180	4435625	-3586794	1831917	3353958
-516339	3352473	-1155575	3162044	1812225
423412	197798	2961457	-4402533	1812176
-849921	-1622903	4805236	3078261	2519999
3331646	1102312	358531	-1399659	-2552590
4095899	-548064	-126581	-849612	-2389449
857562	-1876223	1721257	-3853438	1398670
-3910755	-4804283	683357	-4990010	2940048
-3313073	578376	-4164623	4464416	-3309561
-520367	-3822923	3665216	1022090	-3956330
2650464	-4482227	-3180999	707359	3422843
1793283	1656802	6102	-2786517	-3486205
-769849	1918478	-531773	-4399336	1671874
-2432787	1275103	-2099348	3831587	640555
-1830982	4080385	3252867	-1665761	-345731
3834586	-4164209	113218	-1288862	-580242
4092488	-1081728	4445020	-269857	3183257
-4186003	-1853895	247473	-3186016	1907930
537403	1576035	-2289516	3349965	-4946559
-145857	-4418814	972281	-2621173	-1584639
341688	-1090744	-4575215	214930	2652817
452661	2878137	2605678	2140637	-3500097
2790474	2669617	-2608243	-1743096	2454991
4543631	-2077634	-4108804	1483709	1155023
-4374332	-361141	-2122011	-2574380	2445861
-30414	-547357	-1294999	-3644324	240301
-4704717	4078655	137706	-2091140	-3929066
-2607487	-1042431	-3264204	4072524	-3865457
3039882	4369261	1373582	3870903	-576314
1308490	1493519	-553005	1383641	1937350
2394466	2464046	2385414	-3300467	-6925
4431243	4628699	869232	-706595	4255409
-573311	-4904899	-185895	2176296	-580626
4523147	-841878	-4997996	-4173968	1953764
483359	2728740	-1007236	1252985	-4505562
-165116	-806540	321330	3463610	-2306359
2263640	-3673446	-1476118	-3206485	-4724564
-80388	-27961	1339782	2513679	-145304
-1153313	1861107	-12149	4769731	-2857637
64396	-1094872	3264156	2997040	1724556
1430700	1880131	2358559	4793647	-3057182
-3737481	-4515491	292064	1983686	1524772
-1590520	975537	303853	1748231	-3076027
2950565	3517661	464044	3372184	-4684022
4620974	-3708270	-1789365	185282	3158041
-1961129	-338709	2079779	2491048	-887096
-2024142	3471002	685476	1432430	2886272
-4372129	557	-1329040	-3950943	-1538094
-3227020	-1760054	1488111	2595231	-2331391
-3044593	4841986	-4866513	-2322614	405553
872659	1284721	992606	4738603	-3683573
-3630199	4877413	-4943046	-117305	-3610581
-4544641	-157540	3434916	1211999	-1585770
1239775	-4360891	753068	1205976	537739
3917408	-4154850	358757	741333	-3583386
4511652	-1176230	-2275331	2737634	-4980195
1935897	4748919	3754958	1382053	-4549535
4441148	1173085	395149	-2632130	4701461
-292669	-1254301	-2093172	1187855	-3100163
3692713	3667220	706041	-3185137	3522400
-2003968	4648819	-2533911	-2629144	-2886412
4024466	1046433	-3482800	-3754436	1243065
-3310917	1364820	-4679096	-726649	-3605165
1294173	4009954	-2009241	762819	3859568
-2768762	-3977456	4573958	2770703	963907
-3977887	895999	4202427	4171175	349358
-3062316	1255018	3080839	4985581	4666657
653180	-2669998	-2166206	-2530901	-562634
-4543456	1525698	-3262526	-4616075	-4262419
-2657468	647440	2376856	2678764	4178376
2408804	-1030432	-4726612	-3208903	-3598957
1075378	-942324	-812712	1737116	841879
1122105	4889946	-3136753	4502882	3566702
-1656906	3954078	400224	2274187	-4537408
-956435	388127	1680408	3118626	-2618169
-4811713	-3856851	342045	1932256	-819428
-3664990	2430617	2877267	29718	3922664
-1765568	-3546393	-1314646	-2949407	4588837
-3738902	-3807880	4830024	-656952	3433499
195634	-3126922	1697326	-2145274	-3745482
-4439600	304356	3338186	79951	1118444
769200	-855951	-1661073	4706850	-292279
-2970688	240042	3289695	2790229	-1613538
2781214	-4781519	4642256	-4983759	3638269
-1310797	1574288	3660908	586453	3859080
-543719	-1829599	4261313	-2705378	4026232
945911	-1673755	-740727	-4612283	2907677
-2295325	-683427	2678007	1539912	497874
1222458	928750	1163666	2454859	-4169476
790806	1595566	2804583	-2674341	218396
3402379	989857	-4114067	4958250	4577632
-1370092	63775	-58294	-1970981	2953766
1410079	2282313	1596419	301684	4434657
2435489	-167762	-4031439	-50390	3059195
-1494307	3887481	1462893	-267467	4024926
3199931	4450715	1725581	3443775	-3952592
-4370253	2320880	-726699	1106422	-958134
-1453087	223072	1964302	-4600190	-138725
-1667551	3051453	-4339205	2236531	3784976
-3821166	-3970051	-2343258	1117702	-1107677
-4701325	-4148626	-2610289	3236295	2730667
-3317687	2878004	-172788	-4558670	-350055
-1488509	-4374830	655211	1658071	-1601388
3271395	-2975591	372991	3309812	-2642970
-3179842	-2293290	292290	1012888	1348848
-702239	935524	1556563	-2628493	-3378938
745116	-1851366	-2409537	-2161659	1833355
3645571	4215440	-473904	4627493	-1042732
1526691	881087	-2826867	4417946	-2525641
-192829	-3763469	-403062	-633985	1301736
-3240057	-1501531	1974356	-4967449	-1310587
3877013	2297480	254272	722080	3314222
-3108482	-2013941	-1595797	-208365	-3568140
-2947137	1029567	-932069	1533721	4968937
1595067	1246006	1819652	2909976	682837
2384529	-1464809	-1175861	1553943	-2947455
1914287	-2847791	-3787353	-2088203	-2061065
3569516	3369944	512787	2290284	479833
-85347	1747524	-2499128	-727772	4313850
-4819248	4975898	-1974754	1591830	4841729
2778643	-1785150	-352118	1031288	4186367
-3185264	-1997190	2245723	4421752	4190299
272855	2092162	3326900	-3499318	-3599526
1999258	-1589742	-2076282	2465750	-739363
-4586986	3221344	4570140	-2794355	1892504
-4500482	2463189	-1582402	-1331432	1588192
-1684394	1406823	2318992	-1966537	43162
4028817	1978241	1758615	-2065144	1085438
557602	678313	736623	3139560	-2227772
4336984	-42060	-3024768	3574292	1239687
1460335	-3759902	-2486319	4399594	-4079353
-4985402	-869499	1029674	4441579	-3201144
-3110217	3435837	3284094	-2984143	4263710
-4809978	85267	4062194	4381933	-4611515
3478431	-171668	315447	659985	-3407153
2646572	3402727	-3646156	-53090	-3620060
-51596	3014301	-1406807	-3227360	2490564
332911	-4675866	3173568	3711653	3369413
-3295987	4680562	-4309304	-4757260	4876964
-1184388	2783571	-1625754	500630	-2695003
3867151	4669940	-1970378	3478146	1842883
-3527239	-4502664	4653804	-3281880	-906628
1638168	873183	-2200227	136926	-740139
-3425387	-1581687	-1067624	-1184173	-106574
-3524641	4958454	-2797323	1785296	554646
4419214	990542	-174672	1419716	4458944
-4457609	-1345634	4456920	-1163207	2500822
-4826852	1779886	-2033822	1987938	4041858
-1324237	4453332	-3103416	4798331	-1401536
4033215	-2209865	-3233131	799897	-4331684
3788306	-1976128	4933323	1615749	-13903
-4381280	3869529	-3201661	-1188398	1688790
-2708683	79900	-3149349	957036	-2294277
-1701776	4321236	-3107960	2189891	-862371
597169	2519148	2038537	-1872893	4298613
296336	-4854266	2258140	4662050	892181
1152764	-3464233	-1483237	-805165	3861716
-1370901	-4957666	-3885515	2531720	3644987
29786	-3696936	-4081023	-1600264	-1620047
1928206	1173474	78054	-926764	2140595
-3131249	-1167308	-3349854	-4707093	-852602
-2094541	16942	-2143220	245466	2120484
1085946	560514	-1401240	234114	-1281471
2717251	-1573159	-186733	1154142	1569792
-346504	-576778	2942979	-3872473	-922869
2336324	-2431875	1928659	-1422659	2142062
3597869	-3839588	4547091	1833156	-3632246
3819982	4285262	253416	-3443339	-3130720
-3101674	-738500	3607343	-2462086	-4300948
-2726301	2393561	-4705681	-783292	2560989
-610536	-278931	4938118	2749293	2185214
-1276719	596355	-401037	2157053	-4374813
-2112154	3543315	1499404	1372492	-4831326
-3510947	-726347	-2209396	-3586431	1260499
-1693929	4830875	2105760	4634786	-382166
-2117830	2749313	-3351228	-3425908	-1003737
1420460	-798390	501882	2455987	3782931
-397879	-160694	3935872	-317946	319793
2283714	718410	-1132527	-910321	-1262426
1402831	61606	-323081	-1780945	-4916662
3847159	-3861092	-3036738	-2660364	-1186843
102385	-2401727	-4296457	-2198978	-2284113
1653407	2680058	3915451	-1722174	-2011799
3846380	-924691	4933608	-1184175	1582888
4839849	3890133	-1706700	795194	-1989871
-3446742	2025731	-1593279	-4383346	4938645
2290556	3413368	3220427	2738391	-3880964
-645610	1389077	4168774	-2430737	-2498605
792154	-1164679	4047448	-2278734	-341975
4959283	-3163777	-4547314	-1067481	2015470
49075	3579776	4564809	-1503213	4338219
-1537023	4064108	-3042316	-2054446	2549246
-410046	1246491	4863794	3327926	-1541446
-2960729	-1673555	-3530718	-2562262	1219301
662943	-4577486	-599799	3978453	-2550488
2265525	-3492514	4157066	2610827	4095336
-2425161	-4483611	-3753288	-4570352	4410396
1598819	-1799295	-3361425	3623528	-3432776
2676787	4898486	-571009	4375006	3249664
-2780638	520297	-4993130	1485017	2999039
3154624	2940291	-2193595	345916	2538261
-1633440	-3462492	-3843701	3526171	-4864059
-961480	3422634	-4836724	-929879	-2192031
-2806165	-1905560	-3726175	-2232683	-702010
-2172739	-4962297	-2902541	1218727	920958
694732	1532949	1277171	-2797581	-60989
-1760153	-2420258	-1347523	-2264194	3090621
-4502417	-2301346	-3017615	-219167	4224347
4700170	-3146048	-2830989	1768583	-1093641
-430157	-854858	-150732	4655803	-4417622
311465	3797686	1512107	3100518	-199598
-816914	1902223	3230523	-1867518	3092947
-982470	-4366850	1211745	1691013	-241163
-3182731	-2334849	-4800080	-2155098	1643096
2974310	-420224	4893411	-1906553	-2196715
1791717	3625619	-4826892	-2205753	-3503174
-3084036	669123	-110465	812621	-1341805
2514728	253498	-3157056	-4597444	526192
3271031	4755935	-4293964	4310662	-1904780
2857863	4667573	3955193	3465529	-4582418
-4043940	-4002438	-4301336	-3016465	383238
-4881120	-1714752	-394365	4384174	-2350014
-3247779	1675780	-2714721	-2140244	4166778
-1515082	-3773131	-4549232	3041735	3187786
-1488425	-851628	3211520	3877290	152227
3864403	-3668058	-1311524	309513	-3295317
70036	-3754978	-3844195	3104094	-2347782
2297273	1665532	-4393260	2248588	260514
3245553	2392596	-479684	-4057202	-3380574
-4643274	-2151454	-2338482	-1998531	113278
293629	-597244	-2959780	3116870	2129825
791389	-235770	-4950513	-471849	1760537
-4703135	2689833	3555856	2749746	413355
4963652	-3793072	3517436	2897687	4901705
-283855	666707	1248434	194465	-3547214
-2796271	2792091	1246477	-321337	4095379
3910023	-3138747	535186	3260	4375723
4372104	-3383883	4353948	3585061	-3008438
-1520314	-514235	-759775	483571	3395115
-3233596	3009482	-1210296	-2333142	4474905
-3330186	782636	3776767	-696662	-3706570
1034030	158314	-368923	3793722	4644771
298443	126295	2870587	4091188	2454902
-4742007	-3160350	1916607	4398862	-408010
1145263	-2582798	1132498	-1783855	916101
111211	367298	-58056	81607	2751699
-3700632	-2273390	893110	-4409142	4229811
-583317	-137451	-1499852	4884329	890854
1523629	1603199	1314621	-90078	1066534
-245996	-4633737	-2590921	2173151	1950987
588992	4825522	-2639597	-4870887	582239
3071349	1267317	-1834044	-4218604	-4632964
-955310	2420480	-4853084	22423	-735240
-567958	-740843	-4504420	-817314	-4000656
126738	402563	-4206012	3857163	157055
-246515	-2806120	3415123	-3519150	3447454
924486	-4867398	2911862	-346499	-1508603
4081048	-3945747	-4498969	-759154	-4132781
-1382523	-3887883	2290665	2678682	4162202
-529975	2718155	-2174316	-2330201	-428219
-4599676	-4682150	4120650	446311	-700589
-3070050	-1039188	3180687	3496149	-579495
2188923	-2614926	-3107985	3410258	-2962048
-4387498	2700591	-3772031	-256146	3626242
734297	2209684	503710	1607147	1863323
-3930395	4693083	-4620785	-2362323	959673
4768796	1603541	4729217	-766231	2245443
1419040	4577643	-724754	3936782	961338
2664681	943223	-3654490	442366	158385
-1824365	-3619848	3342541	477855	-1221383
1189951	4861822	-4432485	-2404287	375855
-3307610	-4865668	-4418629	4736318	-4558651
3180396	-617379	2307752	-3769879	-1560984
3803006	344169	-2847708	-1404027	-3519694
-3724187	-3467044	313347	2467847	2987684
2433264	-691308	1088509	-3530048	-2447065
-3574164	-4347479	-4271321	3347615	1010033
204541	2979221	272105	85468	-2391080
1814508	698733	-3811597	1231764	-2867626
2299200	-719677	3328986	764633	600047
3156784	339803	816004	4577257	4772485
2273318	2934910	-290942	2906201	-4450166
3478101	73833	-3156953	-1204399	-1169653
388851	-1477059	3337265	4146748	4349937
-206683	392964	-2105737	-3222701	1877296
1933516	-96221	3008184	4144996	4821633
-716024	3732931	-3076668	-2209105	518221
-237085	-3137846	-985580	-1073392	-1185991
-589343	-4938657	3004521	-2017194	-972191
-4750100	-891940	-590279	264606	-1811650
762316	-1021366	3704878	-407559	-1478437
-1988129	3383035	-3162493	-16508	3259177
4626331	-2573749	-4589573	3421260	-4086489
1600670	3992466	-3953227	-104213	-2310937
2053848	3586796	-1909186	1120016	-3140911
-1458934	3553323	-4320121	4043253	3142724
2970304	519717	-2040119	3861474	-876708
1985014	183734	3513824	-1559568	-3975486
4182754	-2701498	2820844	-4282857	4266219
-2916383	3947473	622570	-1181136	4273575
1047502	4272477	4233197	4157624	-2057355
-3254018	168725	-1534728	-4058340	-2538391
-3084137	-1571734	-699759	1653444	-4947477
-736203	2397233	-2018794	-690910	4386926
334529	-1269643	4735848	3603299	-4274728
-499135	-3763241	-2087025	-2912556	2705125
3979298	4093246	-4046628	4324091	-704181
4778002	-4217078	1730841	-1533474	-1724538
3608084	-3123214	-4541733	-3743393	-2526959
-3818495	4590877	3024334	1662867	2642027
4145172	-2835593	-2078907	4231388	101486
-3772163	-2655332	2383683	3123003	-1112796
-4726028	-682176	4121162	-1294599	-1886798
1818704	1695960	-2389010	2413983	-520482
4279773	502036	-4818060	-2788793	-2417246
-1299900	-3780529	-804323	-1512025	-2572316
949023	4431143	3740534	-3614302	-4310757
2448252	-2470094	-2985576	-4607741	430611
4756515	1371125	-3029146	-1830702	720627
1513131	3392823	963378	3208802	2872481
4177847	-4044111	-2054383	4108169	4098141
357627	4006403	-27233	1587299	-3315090
1672145	2846081	344986	-3736784	304821
497302	2876635	626917	2062725	4438400
4115883	-3587391	2432856	-2961129	-4279744
-1778309	-2454622	975072	1239950	190390
2348332	-3463733	-1557674	1656413	4978563
-2118698	-3299160	-1878795	2479182	1286973
3044993	-4251101	4462380	-4357163	-553946
-4500377	1212962	-3994749	-1556299	-4393054
-1251396	-4486445	4874276	-4792380	4196775
-35506	-4815685	-2143986	1576082	4277919
822916	225710	-187992	-1623203	-2315612
4515804	552236	3631241	3599153	1914659
158144	4448049	-3257389	-222180	-2401679
4841158	3846905	-4681552	-477071	4059711
2152698	4206127	1646573	-409099	-2206396
3210917	888980	-2730692	1067132	-3471376
-3714881	3792177	3969348	-34040	-3614398
3874177	-3191956	-26246	3263995	4663616
3148541	-1323299	-65017	1679944	-3970355
-4875218	-4559578	4033803	-1124744	-3132193
3101867	-1386819	2307233	-128907	-116954
4054059	2394003	3155726	-1828429	122478
-452633	4851913	1898983	710699	1273860
-3930431	-883017	-2951409	-4678452	-3737870
-4470298	-649724	-2547428	-3096895	-2025300
-4389788	-1761581	818895	-1311960	4814512
-1732534	-985813	-4126152	3449973	2909555
-2059998	4440957	3159023	-3776184	145216
4844542	-2718263	-960082	2138218	4881223
4288610	3247637	1587647	-258515	-2698053
-550773	599040	2132258	2482317	2581142
-4422251	-2387991	-4593021	-2958951	-3499590
1415242	-3309845	4154195	-513791	1863319
2287065	776731	2815770	2572385	1671101
-3435618	37400	-3084375	-1859055	3065774
-2384232	-2123419	-4057635	1820395	-1362728
2370336	654547	-2024406	3815642	102377
-3139600	-3847342	-1347921	4388756	2864282
3592451	972057	-2323835	-4793691	-1805022
639585	-2047851	3940067	1495478	1103556
1113373	-3097384	1048104	1208685	4026177
-4554387	3007871	962729	2795731	-3921484
4831602	4037363	-2959344	-4166096	4505445
-3499747	3960642	1242112	2803100	4935006
-1336197	-4970300	1934080	2768944	-3723634
-1536896	2825996	-4706061	-323326	-1180368
58935	3958208	2269851	-3867864	3274808
4444305	3562704	3370603	3974819	-2402068
-4784949	-4147096	-245433	3975915	998938
-2623458	-23979	-3280874	4191924	-378373
-790075	-1582675	4964316	2655897	-3628749
1280556	4426560	1198731	-2827422	4160494
-4773449	163353	2357127	240277	-696776
-1517558	161470	3751844	-3643610	1518520
1480593	3185294	-2990475	3596775	-2308269
-4909926	-1323461	-1907913	-4285422	-2740786
-4236632	-4556203	1482361	-3137549	4319806
1543457	-2127541	-3013487	-3669906	-3175129
2301220	4461709	3513735	3413148	1661848
-3736625	566093	4606921	-4827176	-2264750
4977705	-1524661	-1927724	-4965438	-2461251
2858948	-3252693	-4524681	-4175739	-1268025
2932445	-3470770	1598077	1676548	-1042081
-3187569	-1077280	-3108649	1959458	2793511
4167921	31545	3129318	3541394	-3418659
-1871261	-4141269	2056865	1430445	4903157
-1816134	107875	4882170	-3887434	-2764379
798421	-2008561	3000965	4117042	3422571
1921697	3054802	4077511	4285138	-299306
-3001076	-1583497	3004066	-3522822	-3856925
4141725	4375496	205598	2578637	-3328514
-4522051	1832461	-4818356	749727	4440907
-2929899	2528850	-3567708	3555621	-1849897
-1693808	4255749	-4018224	2078290	-438928
1936262	-1572014	2891803	-571737	3414431
576221	4139292	-3141832	-3009235	3671620
325590	1145203	-1405189	-4535699	2915364
2521460	-1077233	-2790589	-1990747	1456132
-3580284	-1409464	870284	-3609659	-2339837
-2081482	-1491991	104220	-2339776	-2521644
1250118	-47901	1426107	3907092	-3629822
1864615	4309127	3475318	468030	4498984
-2792134	3675252	4596780	207746	-760797
-1344214	594630	4611068	3972299	-1357818
991278	-66033	3321827	528382	4193133
-3031327	-342510	-4910096	-949781	1646567
-4376171	3765117	-877074	2003119	-1296502
3552032	3440225	2838680	3842970	361178
-3642592	-2585753	-1504767	-3813093	1561907
4245447	-4290091	2687391	4295811	-890428
39588	-4624274	-2483113	-3925663	-2935713
-1202481	2463388	3702201	2576225	4430698
-1962206	-2874921	-841150	-2384363	-1710433
-2985112	4994383	40534	2450300	-3562373
-2932406	-3482799	1211378	3923185	916336
643829	4632462	-783343	-2110315	3261435
-2719516	-25835	4074606	1068757	3889583
-4481821	2396098	2154708	2684081	-3889753
1289165	-4928773	2459341	-1435551	-4988794
-3991497	958411	-1035305	2757066	3490943
2356670	797988	-3892082	2253096	4920892
-1266889	-1611993	2155319	625258	4683934
514863	4215537	1283982	3524078	-4528194
-4253952	-1817994	-2824033	3315283	974192
-753223	-306080	3892264	-1863443	-1550774
-4821358	-4691509	4653246	906907	-4899954
3373980	1413005	-345420	-349893	-387668
-1204390	-833366	-4790661	-2545682	4597730
-1358586	-3236559	-2123813	-1295407	544144
3185479	4321216	-2655110	2509772	-4259831
60090	2130682	3727749	-688989	-3062087
3710347	1941925	-4687061	-2170733	-2827118
-2743149	-1962644	-3568796	232287	1561307
-4613703	-3591756	-3138754	-3238209	1839513
3582542	1894045	97911	4670232	2388124
3496040	366867	-1124253	-4837516	4653648
3622932	-1461334	-615638	3990520	2036563
-4167011	89268	-2024937	1580353	4426003
-886025	-383536	1642161	1505491	160407
3654225	-2293433	-2853808	-4812337	-4784882
3223639	2401774	-3453130	-4567361	-778785
1049248	1178738	-3668415	-1954553	-3406052
-3414172	-2536578	-3669343	4981257	-3295293
3243123	2318193	-564540	3582753	4786989
935017	1036344	269789	4813162	173249
1223281	-3714295	-58528	-1869655	-839479
4213168	1344706	3840215	2706365	-3024417
-1231760	126956	3721294	499667	4981595
-594380	-144395	-410258	3308028	2371409
-2626688	-3776280	-4169128	4370396	-582622
3386703	4515654	-822014	-1882722	-2916644
478666	796969	-3826728	2438014	2679534
-3461001	3722611	1513585	-3178209	-482641
-1942971	855235	-4109320	4816064	-4495822
269548	3239859	1102796	4005866	-1476546
4144673	1647407	2007309	-4352859	-4877900
-824586	-4393503	-4269027	-2310917	-1170426
-4061276	-687973	-567809	-2321154	-2259717
2703017	-2593435	-2595711	620904	-2502176
270653	3259243	4046989	-1230926	1566501
-2376299	3772599	-703546	-3009681	153917
4078587	4861015	-2241485	-4168544	-3634153
-4104620	-128918	-4574121	-2158103	2682188
-4466824	677481	-3002946	-4925342	-2506799
-3463670	-3117198	631962	4024601	1335419
-2201599	-3452385	-4140766	-4600165	4948230
1594095	-162094	-1215113	-2431353	2946006
-4619859	-3379731	3181240	-598883	-334279
-1584079	-1751913	-2028464	-3561676	-4177606
2877099	3574194	-2639964	-1490929	1641723
-3991569	-1834523	-1674165	-99608	4462353
1918734	-1199604	-3984737	4163226	2902711
1543702	-244988	-2884150	1169589	-2544573
1074773	4248417	866274	4702248	-3108734
4221034	1594206	763720	2372991	691779
3705984	1118115	3120612	-89538	4147513
2972341	-2559126	-1388390	-2557254	-2842462
-3898968	-170953	4170546	-3665514	4640921
464334	-1485145	-2112232	4999029	2807457
-1243812	1566171	1923138	-2226357	1042732
-2686290	3781475	-375623	-4251301	-4358034
-2018955	1560395	667558	4781966	2450442
1129932	4730602	-4161998	-931018	2910862
-3318933	1413734	-429898	-1650738	4193307
-4462756	-2597774	4556377	-88268	2685669
-4212755	4619845	-1356766	3608796	-40162
-2453754	1034967	-2152059	-419909	3826243
-1062350	1346939	-3504344	-3694770	2314875
4978665	1576996	-2258268	438667	-3927202
-2052670	140610	-1087378	4998128	634713
4964565	-3691363	242129	2947783	-1171848
-4716565	3496871	-3485009	-1068059	3109019
-3928165	754594	-1506288	3722753	-2095089
4286158	-1504254	4611646	-4800623	1525351
-1198516	334970	2313339	284056	-2151291
-4566747	3073443	74687	1709057	-2945682
2899948	-2735957	-2644136	-123091	893762
-3607597	-2172857	3074382	1359087	-925795
3474687	-278584	2340306	267082	-3712954
410588	-1940211	-4865704	-4218761	-2533123
3603907	2479665	4897028	3420690	-3937282
3161370	-3015466	2881523	-2519236	2029058
430468	-2158253	-2420973	2217565	2333516
-2851262	-3574907	-1509376	-4052270	-1119452
4437728	1362264	-3381506	3829773	-2523707
4469424	1143249	2544308	2719920	164081
1619236	-474043	238967	3301334	-421515
-2117931	-3721537	1476038	-37190	3316750
3207514	-4131534	-3875784	401609	2725488
-4347869	-2512799	-1587977	4575763	-3586552
-446665	4155515	-299175	-3891298	-3345344
-472708	-329098	-622961	3039379	1585573
-3085629	3963875	-4852029	-223130	4570472
2932451	4007684	-1859171	-1532062	1386370
1857507	-3409562	-969670	-4871738	-2452077
-2777284	4743332	615618	1186867	-277366
-3885255	-2107747	4689418	-2526415	-3329943
3048950	2100422	-4022366	2480981	2417818
3853587	4402683	472953	120889	4709669
-3026710	1814048	-2919264	-4401682	-1112516
-209628	3825848	-2257194	1873186	2807056
-2956881	-3137578	2199170	458888	4586943
4820759	-1450287	-3316811	-1184045	4047460
-4847577	69587	-3796112	-1704155	214869
1416941	-791663	4331921	4076560	-1079382
2605494	2632598	-210457	-3163561	999554
43394	-1803052	1890023	4743072	2997645
859757	-4065674	-1330562	-699257	-643492
-2671909	-2808455	295813	-109681	3896645
-653057	-4871549	-2276102	1038194	-1110062
-4775761	-426882	-1383875	-3240521	4949438
50098	-4809601	-3129338	2840331	4145800
-492261	3150260	3310419	2794143	2453356
2476335	-1528467	2691250	-3117238	-1204790
3679257	442723	-678227	-2714201	3609136
4255271	-484835	-1667128	1247673	-2520214
-4732522	-2408743	-2612070	-438437	2023120
4609216	1693574	-1644205	774893	-4860525
-133171	512617	-1964408	2890065	-947964
1126821	-2064929	-1689357	-1769743	513686
-1997202	2851861	-2183334	1012154	-4454817
2459643	3757335	4478356	3578941	-1243547
3639259	283111	-2095774	-4466328	-318815
-1575485	36359	-189243	-3837254	-1802102
-611199	-3336990	-1785306	2871181	2169087
552047	648262	-4716958	2196593	824614
801277	2725937	-3190045	-4074757	-4687628
3919500	-2729545	-4950281	-4961531	3496913
-549084	306366	4045735	2165049	3857444
3834733	53147	2758507	-4887402	-678988
-2716884	-4265800	4798257	-3631818	-60497
2931133	-4465303	1858364	250258	-626636
2598181	-2012268	-1715271	-2010999	4802015
252581	4642997	1125968	-4991308	3444760
-2098519	-2884649	-1702117	-2639605	-1073855
1832488	-1395641	2790921	-1432948	4720712
-2527437	3774265	-899478	-4293969	-4641466
-1983878	-2197809	1754255	-4989476	-4281810
2256620	2031001	-3787260	2976480	922431
2346407	-3781687	-4295845	3208024	3126265
652968	-3033118	3523360	-3364313	1002410
1734495	1541027	4819529	-3563884	894062
3369639	4425631	2634282	-2615059	-1784345
1157999	-1722920	-2035446	-3493578	-3838608
-2760785	2246751	-710422	4225040	-435006
-4353955	-1127846	-4433921	-1954920	-1204488
-118141	588824	3152332	-2652270	-2445174
765024	2800357	112436	-2127505	444040
-1137957	4662951	-3605645	235518	-4137045
-992067	-1923540	2440958	650503	3560714
-2394489	-2957561	-3643232	3633698	3313717
-4134578	-606907	3355400	1850894	1521081
-3476832	2170754	-1909317	3369424	4494159
2200898	-3152947	-4475524	-1637034	3898338
-2426540	865940	3491836	907674	3416685
348681	-1311176	99189	-4512021	-4002893
-3952712	-4980212	837531	-3584343	-2393276
4968973	1277486	1067913	1240498	4276768
-640799	-4086229	-175378	4495244	-2344718
2550552	4016249	-4923604	-1270031	-4083968
580591	-4529093	1908949	622332	-2773905
2255799	-2213987	3093336	3160904	4377859
4477341	-4796208	-2985175	-3744945	1037286
-171338	-3453074	-1511117	3994698	-946511
1593230	3041501	2632630	3538257	3579577
-972419	-1392635	-2370406	1464765	-1470073
1890914	1456208	-2657848	-1461181	3855208
-2771812	4771857	-1079036	3655240	3678013
-4239103	1316546	3531852	-4257464	1582469
4441093	2794335	-4290107	-400800	3641949
-2613616	436195	-2435175	-4730927	-3280138
1549211	-4086275	-4472824	3395497	4214325
-3662528	-3247100	161265	498993	-2996916
-4701329	-205588	-1572115	3941341	-3859958
2373242	4070019	-792253	-4939000	3128252
-4770017	-228639	-1080572	40075	4221895
-638739	2672316	989865	-3564042	-3195117
-4145908	56283	-2199694	-908761	3169235
1397150	-2379001	2966256	80471	2872436
-1737925	-4646118	3584734	-3620107	-4068927
-3874524	1879402	-1975635	1919095	538609
-3045262	-3624174	-4644305	2961563	2199452
-4317120	1344552	-4810194	1749627	3002125
-3441670	-3273951	1636886	423023	4217099
-4093753	-2433009	-1475223	-2620967	-1502609
-2409676	-2881585	-4370515	1959657	4487854
2606624	-363891	-2463445	-3764488	4049241
-1629963	832036	4062844	4030484	-1162349
168587	-3454630	-3381087	3046398	-2075439
1408950	-3604237	-3136181	-2825936	-564684
2865570	528332	-4383204	-1030699	-4094701
-3850942	-4294497	4577027	-485554	4686367
4347008	960585	-801091	-3344057	-4688650
-1896141	2777445	897103	2267682	3457158
-1818712	-3330769	-698076	3719510	739645
-4876062	-4167273	4629023	-4948526	-2971302
3858567	-1554477	1605404	-4591891	-716111
3090399	-2243002	-4990777	-1036989	2572800
3737048	-1094646	2361001	2637943	-3748423
4793808	490669	3736243	536290	4197843
-3076826	3568873	67180	-86963	4202888
1614647	2605481	4967067	415837	2519118
-2360544	4767316	-250464	-317947	-4444267
-4523776	1380160	-3350521	4799386	-4053741
-4049294	-4175793	1540358	1110722	550718
3745709	-4665892	131512	3178627	490258
953569	-2896880	2467437	4037896	1607897
-1102496	-3765369	232582	-252565	61214
1768944	-2348299	4295394	4972621	161107
-212586	-1948103	1821774	1859028	1515959
-3450282	848520	2281446	-4641977	3968077
2914658	1480110	4912529	-3947296	2322195
2993957	3803767	3743906	275213	4322573
-2129555	296903	1261369	1786662	-978754
4743535	465630	1485254	720410	3290846
-732529	258139	-3364312	-153339	4368914
-2892609	3726440	-2943540	-2046096	30215
2139973	1580114	3187613	-882648	-908343
646577	-977573	-147722	-4377882	-4155883
-44458	1252126	320032	4690016	-2629783
-2542764	-1110150	4915579	1300492	2671764
-2489981	1363	3897031	345118	-3167137
1668629	909264	4958290	-3500685	-3757415
464441	-868865	-4845611	4871529	-1884639
2678884	-600837	2496969	42607	4985798
1973201	2447464	4346642	-3287960	3545321
1855568	-1360445	337539	-2805465	3339019
-2205488	-1583705	549474	813090	-1825799
-1693541	-30995	4048259	210265	724635
2304363	4002070	-3953537	3582548	4904296
4120112	585569	908498	-4452063	-2180806
-2217661	2765923	2397274	-1211563	1288531
2200573	-4470713	-2622162	3121064	1221840
692292	322603	-290182	351684	437236
1721809	-848999	-2756297	1600025	3563794
-4090676	284549	4204258	-3444600	3350653
688620	1831670	-4020043	4631675	1258640
875019	4684776	-2871236	4714182	-222656
4100634	-3852089	-99603	1128990	153371
2508870	2098708	4037836	305598	-4531854
3082256	3709934	-2428493	2507071	540699
-2865623	79988	-3225585	1381260	-188829
-675354	-1168709	1027246	-134397	-433435
3038285	855077	-3938490	-1437471	-2187728
-4352649	-1060253	-4386687	3898271	-4847176
-2659124	-3429852	-4869383	-4034253	2720394
3354936	331416	-2669422	-4911250	-3812438
4696428	-469366	-1844072	1172211	2989964
2720506	3707931	-4610200	1560215	2388105
2155738	107808	-2308741	-2544276	-3339526
318683	-1685771	3240522	4082024	923217
189450	4177058	-4796527	-955357	2210534
-1105483	1411698	-4693333	2885822	-287052
-3762312	3750161	-2936139	658832	-1333890
2687360	2106801	4148168	1234693	-3870033
770949	2517447	3141437	-3699494	-3394536
-2151252	3605083	4059415	-1041348	3644393
-3954707	434366	3494450	1992959	-3924978
-741356	-3461681	3489129	2311244	-579947
-99636	-3434282	4327920	4293367	4898650
4123943	3369212	1490998	4049242	192015
2247231	-2249055	-2800934	2447456	2099156
-2355668	-1574587	-2764251	-1491002	3787402
3401091	-323501	-3623471	-741137	3602942
-532475	-4647826	3591272	604540	2143877
-1355893	-1670232	584265	1292182	3900762
-2465632	422602	-3421859	-1857335	3114716
-4298289	3521196	-3300977	1563765	2916868
1328353	3684461	2230360	414202	-695675
2657438	-4916772	-1097521	-421562	-279430
-227177	-4698645	-15847	4864423	54476
3277149	-2467478	-4197552	770771	-4442527
3240958	3716942	1158327	949760	638547
-918569	478817	-3977543	-2625360	-3405414
-2196650	237683	-227497	-2120432	-2742658
-318172	-3980587	-4642404	-1943416	3225395
2876874	-1264641	-1317101	663626	2105286
2801873	-1582244	-4248557	-2467864	-2956078
4978574	-3548918	97988	2785888	-3442561
3522156	-3731160	-4907577	-3812584	-2700371
-3357743	2427862	-4602702	-1776101	1553796
-3649757	-745071	622692	3859739	3546734
-1770343	-498343	2286408	-2006287	-395521
612688	-4393815	-829147	-836285	3517355
-2037791	3256545	4490323	-2777431	3495168
2158418	1458989	2013106	-3027773	3717263
-1251311	-1866079	3130586	2140456	2314887
3115393	2812412	3548621	-1748691	1576749
3541411	-1595844	-796674	4221432	-2164462
4487939	-1018714	2884051	-3735024	-1364547
-715462	-1027134	-3825008	3172734	-688318
-4809239	-4446675	2776058	1778771	4971768
3082706	2306051	1709253	404556	3644838
2565009	-1809862	248529	-3065784	3731975
399462	2326188	163617	1945743	-106676
1745507	3849032	-3256282	-4178574	3862050
-3177503	-4898204	558528	-2318880	106170
-4966827	-4372772	-1524359	-166142	-1757650
140959	-1121845	-147200	4877911	4405286
612337	1679982	4017366	441758	-1108409
2439533	-3121528	1197388	3303055	1128220
4531491	172939	-2167557	-4044403	4892943
294579	5255	-2114276	-2005145	3739278
-4878346	-4982284	-962162	-3960202	3835567
2594969	-3157497	893623	3523820	-3280646
878028	2179334	210840	3028017	-4602626
2890094	3329166	3713424	768610	496927
3679915	-918107	-2916042	4069262	4225698
-3859277	1175623	4994466	4042169	-2937949
-2925199	4189344	-4142784	1512806	4782973
1374315	702698	2785314	891575	-4685179
464841	4836962	1183645	3953325	-716721
-3372377	-4351149	-2837443	3775852	3768090
4920528	887580	-1891148	167866	2669186
189712	-438456	2192677	-4453764	2453319
4583292	2713764	4015482	4579963	2563930
-2202281	-1644641	3070262	-2731021	-4893116
-4326360	-4635309	1930485	3595890	3258836
-72696	886095	3769309	2735491	211768
-1726364	-707020	2631201	-541432	-779125
-3618996	2675175	4585133	-3203143	1014905
1192047	-1455812	-2451329	-1913776	2270680
3286883	-2823194	4867543	4884173	3225987
-473846	-4390870	3615888	2584546	364928
2634732	-3500847	3546125	-1005312	4921170
-1100987	2598947	-4427344	2256971	1390920
3381623	829674	-1255115	-3738358	3251182
-3902427	3707021	-3228524	3358948	1932156
2234407	-3333995	-4700263	1782692	-130035
-1749842	2175866	465082	-4480704	4241449
2855205	3348479	-1006169	-4512693	4296097
1516178	2966410	-4385430	-663715	-4515229
-18001	-3758799	215025	-1392016	-155197
-1373671	4079422	1232806	-876370	3559020
-3618762	-375829	3167555	-653409	-3488290
4296344	4632556	1840915	-1806499	-4312123
1117901	3188143	-3217601	-560583	2481300
3840291	-853866	-381356	-4534518	4591419
959355	3731837	-2794253	-2467137	3786849
920885	1881828	584178	1482833	2446722
4402217	3716365	4748809	502181	1028589
-4830266	-4001444	1958610	3678206	-1563431
-2296581	-421864	1729443	2416216	2062320
1331204	2038156	4488426	-3290188	-4556257
-1872041	2758587	912656	-2641916	4121947
2708523	2131517	610667	4383460	-3911892
-334942	-3830709	-3945579	3925200	2970203
4411667	516978	-1000019	3336151	-3342621
1139415	3320311	-2012478	-2040274	-1171623
1041330	1342494	2790721	656556	-3549775
3629826	1658161	-2733974	-584259	-4005725
3330416	2757094	3780529	1445108	1852056
1807252	4134022	-1515887	-839309	-4720571
-1694706	1817437	-85739	-3209218	3792593
3401812	-2618234	-4582708	-569146	2612972
3970770	-4386393	1693508	-2054431	-4868207
-190259	-2096409	-2700305	-1333986	4898314
93352	4171483	-1439481	-1448716	2244429
-3953545	-3939454	-1019978	-2154837	-1281657
1978432	-4104794	705229	-4714693	2448699
1442077	3181243	2644808	4262378	329531
4732301	-2953847	-3266850	-1521273	4651915
3022997	-1641918	-3952272	3798299	-3262610
-2102443	659177	-539597	59174	3914767
2771032	-1411445	4251146	2852451	2772191
291577	2958067	2752811	701049	4695581
4347362	2922039	-3672279	4697077	4531830
4426444	3428433	-973498	2974742	-1681352
-2849192	1142846	2170258	-3350535	-3373597
4442519	-161043	1343609	-224349	-3549061
-4407642	4211113	-3544	1756404	4915704
3692928	1241695	4401619	-7125	1714787
-3537418	-1093448	-3938872	3208444	485605
-218567	-3162244	-4468885	-2204613	-1061745
-2785692	-925804	-4832898	1844682	1510970
3600449	3645955	-1976156	-2057366	4329823
2145095	-3575593	-3534760	-1635289	1929790
-2952786	2375482	1773681	1429622	2594981
177016	4828201	-4033758	-3706747	413665
4989246	-2029340	-1540729	313535	-4562153
4748444	-359542	2432109	-4916447	-3079458
-1036174	-2057946	-4064818	-1463499	-284135
-4767771	2093397	4717132	-969797	-1947929
2322999	1505817	1657429	4644127	-4074411
1319360	-11106	214167	3836022	2606800
1401682	1806841	-3692559	-3570021	-2218948
1304565	4982702	-2851503	1016009	1950441
1958772	-20938	-3103477	3835110	-673896
4526343	-2943250	3299030	-1143559	-1172139
1575752	2961077	475693	-4509089	1127328
1866014	-1791365	-2945151	-2487445	304192
-1226111	929139	2336502	4232047	2646895
3939275	-337268	-586693	1090051	-1814572
-4811778	3528457	-2484201	376714	41132
-3054508	-474779	2669845	-2388915	-2807837
-1865287	-3622938	-1748140	2540000	-1377416
-1257092	-3731614	4837927	-1437166	4341478
634744	-2325680	4985722	-729519	-4098544
-4091761	4523207	3741065	-4706617	2968959
-4164009	524342	1967050	2136076	-937896
335683	-609337	3098274	-4875918	-2313140
-2045334	-1005290	-1125388	3444849	1233800
-2888657	4195437	4604358	-4612446	3882206
4484040	-1069977	-473355	-3656248	-1827973
2996744	-2830674	1684942	1272292	4859875
794896	-118741	4473006	683661	1831363
2953865	1739710	-4511324	1788330	-1829020
-1198662	-4332772	-1590743	631211	1226073
570873	4232167	2732634	-4862886	-689807
-4324090	-1136489	3003905	-1570298	-1375052
292113	-2817882	-2169157	-2047022	3608341
2981518	2056372	4543208	3753010	2903557
4272628	405779	-463477	-858261	-2788104
2367854	-1101571	-1765416	635885	-2179296
3073561	-569513	-696302	1387988	-1465359
34594	74800	1065608	320696	4730999
814358	609320	1957674	3168616	-1910142
-1218275	3742032	4733977	2142997	3716712
-4634565	2470040	1408579	-1503265	-4858398
-2143609	3815198	4326925	-3084446	4734062
-3745174	678391	3664592	3763407	3412133
1617917	2138000	-939480	2645340	-4753662
-4054451	935989	-1646661	2643065	-1140334
-4364657	1637780	932264	4232714	-4146425
-4077122	-4192230	1037671	1476975	-4520444
288124	-3386363	1310987	3294696	4282689
-2005481	4998084	-2171958	4548452	2562826
3790894	-3294993	37956	2290133	-3123108
-3326994	747172	-4598673	2477355	4571092
-2221954	-4197398	3341043	-4080972	-2241490
4861138	-4100888	-3144133	-3148542	-3401757
1001797	379368	3648773	2068563	3340787
-899091	2928961	3795152	-920465	-3814699
3848435	-2185405	-4132299	-2530875	-4501207
4844473	445671	-3828517	-4228611	-750087
3590992	2673383	-1506898	-1876109	-182466
216972	3922378	-964336	906904	2235989
-2480827	1323237	2635551	-66918	2554084
-4420161	328635	-2403569	4555968	-2531720
-696004	-1562055	-3503737	2119422	937652
3774216	-2537542	3179828	-1777759	665846
125843	2559920	4462246	-413517	4509647
54746	-4613263	-1216283	2468748	-2528023
3666433	4623782	3565402	1385996	4702593
-3175604	-4106164	-4270525	-1895157	2111947
408327	2280579	-2517448	1504908	-1536986
4634655	-247870	-4279585	927905	3161828
1662965	2637988	2061139	150416	1876749
-1080528	139119	2424283	-3301953	1898254
621911	-691124	-585270	2964518	-3146767
-3027515	1924874	2581157	-1092770	4081039
-2727478	-2409292	-1460631	-2729820	1839259
-3591004	2021090	4043196	538147	3099263
2858794	1195123	-593770	-3283922	4033468
-1544323	9981	1804669	3860528	3079323
